1.12297285 -0.37647027 0.09238403
-0.63039875 -0.08536717 -0.19417648
-0.15581132 -0.12416744 0.06760063
0.19685243 -0.01735614 0.88583612
0.06053614 0.24011965 -0.93165237
0.88377386 0.96846640 -0.09336379
0.72263265 0.12900779 0.30926359
-1.25937796 -0.62876862 0.07797637
0.92215973 0.28963709 0.46194091
-1.15477788 0.74469489 0.14723890
-0.77415651 0.22252668 0.24925588
1.54141331 1.69208884 0.31542468
0.84500438 0.08829731 0.40109721
-1.86823642 -0.90289497 1.42066240
0.14601819 -0.37007838 0.32449478
0.30512488 0.70248908 0.68658179
3.02439809 0.38612047 1.38794088
0.04418070 -0.58766854 -0.89636135
1.01386225 -0.11386475 0.41655198
-0.13849172 -0.85697407 -0.00014028
0.13359787 -0.96661031 0.65543103
0.39571428 -1.30648613 0.64354038
0.88213032 -0.27762842 -0.71606338
-0.26478350 -0.05604644 1.61086810
0.84851277 0.05911412 -0.39431062
0.18637125 -0.73904860 -0.55703145
-0.07339324 -0.61046863 -0.49476856
0.19857371 -0.07373600 -0.78476942
-0.26636949 -0.39751583 0.32976860
0.46320549 1.95463395 0.72043216
0.58094496 -0.87536263 -0.42745388
1.03832579 -0.45468432 -0.77027553
-1.49536920 -0.06979270 0.87890649
0.40341118 0.30254391 -0.09631515
-0.01350268 -0.74246436 0.00295814
-1.38090158 -0.47652555 -0.92968607
-1.16855204 -1.20735621 0.00480415
-0.36357370 0.74316305 0.48831978
0.33861756 -0.30032334 0.34007835
0.99523383 -0.06960736 2.00733709
-0.54613358 0.14390588 0.21363707
1.52383244 -0.54546672 -0.12129600
0.34875584 1.21712136 0.13759610
-1.03714812 0.26869109 -1.81442976
-0.26184738 0.39864692 0.19900158
0.90474021 -0.89912748 -1.17343962
-0.26158923 -0.89680386 -0.22436631
0.95835191 0.15446079 -0.44959441
-1.05455089 -0.71953648 1.00114167
-1.07099712 0.48437136 -0.18471681
0.89946014 0.43903014 0.27733496
0.12823674 -0.53417599 -0.07214293
-2.13168716 0.34549099 -0.03280701
-0.57432520 -0.51808321 1.12645936
2.30627775 -0.26998654 0.59705979
1.16858196 0.00194064 1.98889661
-0.57490677 -1.93537354 1.19850016
-0.09171652 3.36993837 0.19678585
0.65765375 -0.49675363 -0.00835431
0.29297051 0.01424834 0.13758631
1.12167227 -0.02348763 1.09278715
-0.91200519 0.83133841 -0.58040732
2.56195855 0.11902209 1.37047398
-1.83831918 0.10730845 0.37652776
0.67720079 0.95292771 -0.57275742
0.18521227 0.31517226 -0.54370999
0.81277847 -0.66675520 1.00941539
1.06169379 -1.26671243 -0.07608637
0.19708851 -0.56332701 -0.78066081
1.73002720 0.88569033 1.49534070
-1.14655364 -0.97979647 -0.95004147
-0.84793079 0.64980412 1.08027637
-0.75659764 -0.69937873 0.22983803
0.83793187 -0.72190690 -0.22872062
-0.72559279 -0.34617943 1.13585877
-0.90630776 0.08541566 1.46905255
-0.21317571 0.10684107 0.11735799
1.84193540 0.51208258 -0.54002976
1.13368022 -0.00887489 0.76169753
0.33151972 -0.05804162 1.08803797
-0.07880013 1.08156800 0.11482052
1.31268775 0.49057263 -0.06552345
-0.09229620 0.28585151 0.38833565
1.56565917 -0.34053788 0.87911308
0.07667740 0.67924571 1.15620470
-0.13150054 -0.42130649 0.06628634
-0.62725627 0.20209579 -1.40564668
0.86020708 0.02768759 2.07734394
0.13792574 0.73810428 2.10437131
-0.86069798 -0.17780451 2.05832934
0.88407493 -0.70200264 -0.44311172
0.05320630 0.58993852 1.22401977
-0.76793766 0.34168273 -0.37573284
0.72431463 0.54824501 -0.53094792
-1.95785773 1.91278422 0.36872596
0.58476436 -0.67192417 1.53951669
0.33454192 -0.30997956 0.00378487
0.61764246 -0.06939702 -0.32798734
-0.51818442 -0.49452129 0.08218521
-0.99815339 0.85564458 0.24742208
-1.12736440 0.90884423 1.09236717
1.05484188 -0.62072104 0.66379696
-1.15853357 -0.16715591 0.58044517
0.25733432 1.30895340 1.39330184
2.18070412 0.00398628 0.76300627
1.42271233 -0.62834913 -0.14281870
0.41208079 0.18299128 -0.19363306
-0.11013890 -0.26238298 1.02953827
0.35926592 -0.65914911 -0.90585905
-1.29923666 -0.06061351 0.84945691
0.40861049 0.56871575 -0.35188356
0.65444207 -0.67176521 -1.23572719
0.77074242 -0.22396247 1.33838248
-0.00419039 0.09986474 1.17024839
-0.93938953 0.39845294 0.25318742
-0.16596377 -0.09079918 -0.49391550
-1.79035997 0.69105190 0.01628959
2.01063037 -0.74605751 0.45887986
-0.54898041 0.26667684 0.52511644
0.80989724 0.27754232 -1.31517136
-0.82314003 -2.02621198 0.20065431
0.79112887 0.49084944 0.17433530
-0.95683992 0.79007441 1.13114226
-0.66787088 -0.96166736 -0.60617363
0.11827628 -0.87439853 -1.29683912
-0.94157648 -0.25504458 -0.24851966
0.11733708 0.23395663 -0.65452337
-0.43977228 -0.47596553 0.09152650
0.09656855 0.29529205 0.79474986
0.77609867 -0.51535320 0.55465847
0.28257349 -1.79022598 -1.34979653
1.41036606 -0.43539593 0.00107835
-0.93957049 -0.60118389 -0.05406239
0.68339479 -1.08686876 -2.12664676
-0.63900870 -0.86282462 0.60199869
-1.36191261 0.15657161 -0.53527910
0.73663944 -0.36982527 -1.39223599
-0.75745332 -1.28048635 -0.15985000
-0.40699488 0.08403281 -0.10309464
-0.53798574 0.29991311 -0.41248173
-1.19523120 -0.18698843 0.01281811
-0.53234214 0.20121381 0.60742134
0.55353343 -1.88746905 -0.27185848
0.02287107 0.19252340 -0.92895335
0.51385784 0.72279471 0.99108446
-0.27386388 1.03422821 -0.91912979
-0.90684575 0.15860538 -1.67195392
0.07688341 0.89819270 0.69729483
0.20835194 0.62355340 -0.31405959
-0.60230619 -0.89706630 -0.60353303
0.19636832 -0.17611812 -0.26547068
-1.38058865 -0.61409515 -1.36436415
-0.47288513 0.72315276 1.30483627
-1.05770791 1.19829011 -0.03504587
-2.43097520 -0.94423497 0.32527539
-0.32178885 -0.38014179 0.75746536
-0.68512154 3.26607442 -0.77760816
-0.23232058 -0.22640382 0.44518995
-0.06227481 1.04775500 0.29354018
1.66624188 0.39069077 0.44258681
0.39456719 0.45902625 -0.33537334
0.29299185 -0.08130509 1.44140291
0.79700661 0.84715152 -1.58688343
-0.20903650 0.25599122 -0.49188077
-0.22333112 -0.13270272 0.70296133
-0.02222570 -0.04607341 -0.77868229
-0.69564039 0.48855510 0.35457391
1.08712852 -0.86815971 0.01487540
0.57342190 -2.38165092 1.34827363
1.85166872 -0.39705312 1.05776465
-2.43360424 0.29251805 0.29720968
0.58710682 -1.27368641 0.73688316
-0.18941976 0.09683698 -0.44923192
-1.02029216 0.77600205 -0.55692309
-1.05439436 -0.82999784 0.21437986
0.08859855 1.32311714 -0.98962319
-0.82046521 -0.24963769 -1.28035653
0.95313883 0.02555623 -0.38582748
0.82853419 0.11979431 -1.38319290
1.24326050 -0.16746239 0.90855718
-0.56409580 0.17856219 1.44846737
-0.66696525 0.71747959 0.32766834
0.55024153 -0.04515296 1.27116120
-0.50177550 0.15001114 -0.59373063
-0.68098193 1.26263392 0.65088755
1.39830244 0.86015058 1.55232573
0.32276976 1.86770916 -0.44852448
-1.01060498 -0.45034942 -0.03641232
1.63483596 0.07253903 1.20850801
-1.24561930 -0.13828190 -0.24418050
0.19484805 0.24165118 0.71885180
-0.04176901 -0.40204960 2.18537354
-0.14688210 1.57932806 -0.12481878
-0.46800566 -1.54297316 -0.01912656
-0.36046720 -0.05329483 0.11775251
1.13528299 -0.46623367 -0.45161629
0.17268433 -1.09591436 0.34533286
0.40092108 0.28014591 -0.42033425
-0.22948402 0.04149587 0.25643122
0.05072017 0.43269008 -0.80940026
0.26348811 0.30304983 0.42408979
1.46661055 -0.43069312 -1.11778498
-1.06844497 -0.93335658 -0.03754607
-0.53822190 -0.07382325 -0.53332776
0.36097622 0.92378831 -0.40903163
-0.04436646 1.06368518 -1.55422020
-0.20622131 -0.41860643 -1.75605726
-0.62624699 0.54825735 0.36452937
-0.33848894 -0.24537475 0.57636100
-0.02608502 0.90802360 0.38553977
-0.07786668 -0.17604524 -0.80771917
0.53851271 -0.41267216 -0.64097124
0.19930321 0.13881767 1.72590661
-0.07309464 -0.47142148 -0.88005102
-0.06712509 -1.18882918 -0.95311689
-0.01055251 -1.63088250 0.59397805
0.18600498 0.61504215 -0.13441281
0.21879189 0.34692436 -1.08660293
0.46118084 0.20426708 0.46086934
0.88886762 -0.33162427 1.30716920
-0.16802295 0.90731508 1.03666306
0.10510485 -0.07030783 0.79104543
0.85355163 0.32648543 -1.12189937
0.13435692 -0.32123566 -1.37151182
-0.39836031 -0.17347573 -1.01148403
1.17536390 -0.07132015 -0.10650655
0.35734373 0.86761236 -0.28818226
0.66301727 -0.78416586 -1.14399505
0.09971146 -2.57524347 1.78657520
2.00019789 -0.24648084 0.05413599
-0.66841704 1.37969363 -0.59027433
0.42374489 0.34973437 0.16753615
-0.14593074 -0.78855211 0.75071949
-2.40561962 0.65883923 0.19798513
0.94752240 0.15856291 0.75114655
0.11418599 0.02717062 -0.80949330
0.11714729 1.05982494 0.91489846
0.07998104 0.73307180 -1.73286200
-2.07092428 -0.66837448 0.30606622
-0.74897647 -2.00452375 -1.13556743
0.79295206 0.67429507 0.58662617
0.21137355 -1.22441173 1.80628383
-0.11814094 -0.81180143 -0.28676954
1.15571284 0.03956245 0.07664388
0.24697845 0.45083985 -0.16610360
0.12854736 0.59975863 -0.74379331
-1.00536013 0.64624369 -0.02552384
-0.33898631 -0.24382389 1.59473228
-1.73927510 0.77141666 0.84514725
0.49020866 -0.63765550 0.73146564
-1.10355091 -0.14334854 -0.78901446
0.45337772 0.47059971 0.21072797
0.88789147 0.29200685 0.07704392
-0.72743064 -0.26551178 0.13997574
-0.72780293 0.84392685 0.85633749
-0.18277542 -0.44798553 -0.47374868
0.20738818 -2.15984583 0.72579896
-1.05669200 -1.16502082 -1.03328419
2.16575432 -0.37126681 1.30053818
-0.71899724 1.14427662 -0.04086159
-0.44841000 -0.93481278 0.53366977
-1.43073988 -0.77449065 0.00015271
-0.44115424 -1.76124942 -1.08658051
0.99617177 0.19625334 -0.42157415
0.20794196 -0.79258263 -0.66267955
-1.10127532 0.77544683 -0.52861935
-0.13815466 -0.50858021 -0.80315936
-0.66875285 -0.16062893 -0.42804933
-0.38766706 0.60923809 -2.16158891
-1.29734945 -0.95208699 -0.90646082
1.29526138 0.72972959 -0.34840465
0.27125850 0.11452854 -0.26937762
1.31676877 -0.24140982 1.75493753
0.04667900 -0.35538486 1.18066287
-2.20741701 0.83954966 2.35719538
0.97252965 0.86061412 1.03497565
-0.36059028 1.48288810 -0.31784835
-0.38074633 0.39519632 0.30619416
-1.40072906 0.17302153 0.86954921
0.25877115 -0.52912134 -0.99476248
-0.11581075 0.18444976 1.15608954
-0.10297887 0.59826154 -0.40394029
1.05729103 1.25382411 -0.52638274
0.43526676 0.07342054 -0.11424251
-0.86342925 -1.14294004 0.56708246
0.99262214 0.19003326 -0.82667845
-0.75906599 -0.70239931 1.24306726
0.62198257 0.78423679 0.55531615
0.23213148 -0.10514098 -0.27132839
-0.99642110 0.73419672 0.28374231
-0.00540196 -0.83283025 -1.17538476
2.00732398 0.36316472 0.30727658
0.15519416 -0.63240653 -0.68441969
1.18424034 -0.07290977 -0.87163264
-1.97421134 0.52946156 1.13101542
0.30341882 0.99501204 0.92543745
-0.12687719 -0.96057361 0.11723970
-1.03662241 -0.18911716 0.37417793
0.57205284 -0.13982618 -1.29567945
0.36189193 0.60300827 -0.66539854
-0.61296135 1.70192134 0.11924616
0.32166612 -0.72076952 0.53350168
0.75387120 -1.17497170 0.02622050
-2.42440724 0.67878366 0.19805728
-0.53295296 -0.53207356 -2.27240634
0.98720330 1.90308392 -0.86631984
0.95419312 -0.00336934 -0.47451919
0.96348780 0.06274395 0.78373015
0.55928826 -0.03314352 1.53248227
0.57312661 0.52465588 -0.14808062
-0.09864526 0.24750556 -0.91423428
-0.04979521 0.24752820 -0.12852748
-0.54451472 0.12896308 0.26097175
0.32037354 0.04970524 -0.68953693
-0.38624617 0.28609997 -0.35394531
-1.49540722 0.08542222 -0.59652859
-0.00908211 -1.07277203 -0.09511751
0.03042281 -0.44228381 -0.67540884
0.45658672 -0.59385282 0.09781921
1.44528162 2.19728827 1.20591509
0.07820484 0.12567267 1.04702032
-0.11205842 0.31604135 -0.59764344
-0.88695753 -0.05509987 -0.98038393
-0.69601107 0.61335832 0.48339787
0.11298606 0.10409986 -1.09504557
-0.80817968 0.29396704 0.33655211
-0.65876389 -0.60961986 -0.73964232
1.93747091 0.21869335 0.75436693
0.50768429 0.24098080 -0.98952067
-0.07283355 -1.13466883 -0.72345948
0.76883614 -0.20868059 -0.07068601
-0.31919992 0.34113705 -0.42892918
-0.30536324 0.38333169 -0.42471713
0.24746780 0.18378977 0.49797162
-0.24139935 0.81027961 1.07886481
0.10955852 0.41996115 -0.92198926
-1.25639284 -0.33704317 -0.36140808
0.53317708 -1.32701457 -0.24547325
-0.14770807 0.09164755 -0.49234164
-0.22410874 0.28994918 0.51884508
0.07345234 -1.24208295 0.08680210
0.72544485 0.82579082 -0.86875600
-0.43091020 -0.84281558 0.42202359
-1.07854736 0.13916218 0.89431119
-1.42786622 1.52532256 0.40418148
-0.75572550 -0.17219780 0.63375008
0.25968495 -0.02399194 -0.55107194
1.11469471 0.09322390 0.79532439
2.83951926 -0.08730932 0.71206528
-0.20749375 -0.32028922 1.02209353
-0.77851689 -0.42608365 1.21051025
-2.02080584 0.42613968 0.36211935
0.50156111 0.34467313 0.19094977
1.11457753 1.04118931 -0.25456786
-0.08988895 0.91933560 -0.42484200
0.68201393 0.64674705 0.18010548
0.21281014 -0.75445521 0.74958390
-0.57462013 0.60776508 0.75140184
-0.76360196 0.54311854 0.51925343
-0.96211421 -0.28982764 0.68552613
-0.17981046 0.08337668 0.73587251
-0.37517372 -0.64074630 0.08507647
0.23631130 0.04019423 0.21685386
0.44945809 -1.11654818 0.82667714
0.61125779 -0.21643794 0.71056324
-0.51715362 -0.05486547 0.76941603
-1.16234136 -0.89161867 -0.45088077
1.70098627 0.31796008 -0.03203582
-0.07391175 -1.04270387 -0.41011351
-1.09680307 0.70308912 -0.03435201
0.71621156 -0.14897080 0.81710207
0.10074647 2.06537819 -0.24772905
1.08620203 -0.20426409 -0.62440956
-1.39413953 -0.30209690 1.84276295
0.50207621 -0.03726013 0.07728104
0.13014367 -0.52390444 0.49585187
-0.29502645 -0.34093869 -0.95065135
0.03945010 0.58034831 -0.53563303
0.69895357 0.40145800 -0.44986951
1.06937003 0.73121089 -1.58396423
0.85087270 -0.56467354 0.91676450
-0.36040080 -1.11756396 -1.02484572
0.23970352 -0.52694798 0.27224803
0.29959470 1.22074807 0.70018673
0.40857011 0.35594752 -0.02880832
-0.64016008 -1.28663373 -1.71666777
-2.36126518 0.97551113 2.43582082
1.41768932 -1.00156415 0.56054568
-0.96461129 -1.07903051 0.47750983
0.57976764 0.09469227 -0.93033719
-0.88089758 -0.38325033 0.24623585
0.69632405 -0.72731102 0.19510894
0.98987693 -0.38902667 0.81892121
0.16520056 -0.48016456 -0.83082056
0.40959764 0.62237990 0.44825888
-0.60449326 -0.74991536 -0.63859284
-0.43407798 0.71524739 0.71700382
-0.66249305 0.59527582 -1.05326474
-0.66223562 0.62384075 0.01774394
-0.57027447 0.46301624 1.34710383
-0.06200039 0.10935110 -1.87114632
1.06402242 -0.34175053 -0.28497475
0.68345809 0.64476061 -0.38196343
0.28991282 -0.63854378 -0.40373927
-0.09638466 0.84843653 -0.09657773
-0.98652744 0.53688681 0.26900315
-1.32953560 -0.11435646 0.24278897
-0.53079635 -0.25585479 -0.70348108
0.56361485 0.31230175 -0.71507710
0.01387627 0.16042723 1.17303586
1.14206219 -0.93854576 0.30039322
-0.59623474 -0.14629903 1.11798143
-1.14298534 0.04127995 -0.60453534
1.78429925 1.29541838 0.37130192
0.77328938 -0.60949826 0.19399081
0.25985289 2.08359909 -0.17070764
0.14129370 -0.84306133 -1.44693112
-0.65481997 0.86404693 -0.06290796
-0.99355155 -0.49640000 -1.61645734
0.41950485 -0.35492256 0.47608551
0.25733867 0.06208277 -0.39023289
0.40657112 -0.43521607 0.12412159
-0.90430158 1.09589016 -0.23485960
-1.07414401 -0.99163681 -0.33094248
0.83561695 0.03355244 0.74357426
0.29386336 0.78242093 -0.28450012
-1.04063809 -1.59841311 -1.43304682
0.40040374 0.36376262 -1.32021165
-0.71063715 1.33804941 -1.53437614
-0.67081368 0.04007212 1.38653088
-1.23010361 -1.24064004 2.36321616
0.29570609 -0.61638141 -0.24014434
-0.74208236 -0.61491579 0.80796528
-1.18054926 3.15146637 -0.96744645
-0.75833178 1.15738165 1.41826546
-2.28227806 -1.23404765 -1.48326433
-0.12412044 1.19794309 -0.46410340
-1.14417279 0.11264294 -0.63028747
0.14200154 0.16136704 -0.52268201
-0.72430938 0.44304624 -0.22784138
-0.16847885 -0.85826695 -0.21910095
0.78817570 1.32966363 -1.01917708
0.17544079 -0.08743981 -0.45199698
-1.18069494 1.03569973 -1.26029658
-0.94847298 0.64524841 -0.69980699
-0.90034771 -0.51346320 -1.10660541
0.70800227 0.13077909 -0.54529011
-0.54284602 -0.80075401 0.24565850
2.09033203 -0.45837536 -0.40707636
0.43346769 -0.06754814 -0.21092995
-0.26529160 1.60458314 0.17677329
0.85678023 0.29070917 0.08732222
0.00288600 0.33924305 -0.61149257
0.10581635 0.68443924 -0.42895052
-0.18462294 -0.26990825 -0.51325399
-0.86549127 -0.25903109 -0.38944149
-1.04788947 0.30455917 -0.16615395
-1.25445104 -0.12207650 -0.30778009
-0.34906110 -0.37208849 -1.99530327
0.32270581 0.46819824 -0.52347869
-1.96741533 0.37631056 -0.51705080
0.13216089 0.41419515 0.35713845
-0.84684277 0.97235501 0.80094224
-1.28815114 0.24215354 0.85354424
-0.75923425 0.24057055 -0.56186104
-1.55359697 -0.19974148 -0.05273818
-0.17761417 0.10832150 0.48306876
0.81024969 -3.17007327 -0.11947974
-0.23406345 0.00072459 1.52175379
0.16669731 0.64524245 0.63991839
1.87366915 0.20860463 -0.47364521
-0.07470972 -0.04768104 -0.58875328
-1.53929675 0.57346809 -0.77678168
0.67750418 -0.35893917 -0.00087505
-0.62980396 -0.43041205 0.35889119
0.29487565 0.01202539 -0.93968165
0.27116913 -0.69153386 -0.30249485
0.29926497 0.51255459 0.29013756
0.25586900 -0.05469536 -0.23465079
-0.90380478 -0.63947487 -0.53215891
-1.38676608 -0.42031372 0.64007497
0.68703383 1.09765673 0.62806946
0.65701675 -0.49566343 -1.58192396
-1.78671920 -0.92755002 -0.01619295
-2.26430392 0.00506398 0.83008146
-1.64790440 -0.39877138 -0.32059050
0.15914379 -1.16103303 -1.23568475
0.94169551 -0.70761740 -0.95964926
-1.02533329 0.62351012 0.17558827
-1.43764329 0.62127995 -0.51958358
-0.11202049 -0.05600701 0.99772108
2.53762269 0.03485055 -0.73547333
-0.75983238 -0.10996516 -0.47553584
-0.36870742 0.76939237 1.40744567
0.10012973 -0.54568326 0.77641487
-1.25599444 -0.18375584 -0.28316885
0.91221482 1.71854806 0.48553938
0.97321808 0.41384831 -0.65853637
-0.09264189 -1.05045414 -1.21921468
1.33972156 1.14647901 -0.49393603
-1.43204343 -0.14390613 -0.04855449
0.42702878 0.22748077 1.40222502
-0.90349537 -1.03903449 0.87378657
-0.70864153 0.17176844 -0.12644702
0.73423529 0.20646919 -0.50224656
0.97570598 0.18973568 0.03819963
0.79444742 0.14384018 -1.49341798
0.54250324 -0.03406035 0.87797421
0.94620621 0.28026500 -1.08776331
-0.98822141 -0.00260793 -0.86612177
0.87119067 2.08177042 0.94013739
1.71753943 0.00815119 0.08711179
-0.03737626 -0.19390844 -0.23228291
-0.37538168 -0.01954938 -0.58561158
0.91882145 -0.29281470 -0.39664754
1.59342289 1.07192552 -1.33210385
0.37062818 -0.48016328 -1.14450717
-1.23468065 0.19108908 0.07621037
0.15945667 -0.34359694 -0.29826683
-0.24033095 0.11333815 1.13078249
-0.44810018 -0.69359839 1.42637205
0.50377029 0.84913498 -0.09241898
-1.38921344 0.82509869 -0.48717350
0.83589190 1.23064423 -0.42701420
0.74257553 0.66730309 0.71593022
-0.66874605 0.13466716 0.56278729
-1.64560688 0.80213541 0.95331365
1.17012477 -0.69718736 -0.66425526
0.84444177 -0.78057069 -0.27394536
0.50477809 -2.45745373 0.87047458
0.61207360 -0.78933126 0.12932131
1.88343167 -0.42054698 -0.96306902
0.18682300 0.20243150 -0.37579703
0.04395121 -0.23599112 -0.41059157
2.87082386 0.21519676 -0.56352729
1.13829970 0.30005345 0.24632718
-0.32970494 -1.09427428 0.67090559
0.59172165 0.10845285 -0.53063989
-0.80930454 0.74839181 -0.98575729
0.37957013 0.01795593 -0.59635425
-1.87393415 0.95656013 -0.01349401
0.11388782 1.17531002 0.17364405
0.04022703 0.52259284 1.11226773
-1.26738739 0.23663163 0.31782141
0.41920364 -0.90888041 -0.78087217
-0.73023599 0.89135838 0.54840165
-1.23853636 0.94659781 -0.38619104
0.91094238 0.42417815 -0.39078295
0.14676154 0.38845795 0.69265729
0.11762661 -0.18859431 -0.10535641
0.00728851 -0.13540983 -2.01100373
-1.08344758 0.25815231 0.50147325
-1.35319602 0.71772909 1.47324002
0.82943743 0.21870375 1.34241736
0.03517534 0.59038466 -0.68614089
-0.16422491 -0.11499097 -2.39641929
-0.94813275 -0.46552485 0.01041534
-0.11053333 0.10245723 2.55265594
-0.43973750 -1.22069371 -0.80252534
0.09749246 -0.66298783 -0.84197605
0.73915201 0.60050803 0.01872025
-0.81945539 0.70111597 -2.17484212
0.90316814 -0.98687667 0.47159967
-0.56556338 0.40811917 -0.08758038
-2.17233539 0.57930464 -0.84696007
1.14028168 -0.35713890 -0.67397183
-0.91827726 0.97191030 0.44172081
0.35498390 0.53056020 1.47447789
0.50022149 0.54909253 -1.28086984
0.99881208 -0.06409837 -0.98167896
-1.13266599 -0.13224100 -0.46231085
-0.08590268 0.75742954 0.75794709
0.88004130 -0.51250434 0.08761673
-1.09246385 0.29354966 0.24266854
1.18430293 -0.37736344 1.20860171
-0.11248662 1.03265703 -0.45969418
-0.46017444 -0.16506279 -0.11257274
1.31089818 -1.19057393 -0.88652378
-0.17540036 -0.59969610 0.24545525
-0.53950876 0.18260548 0.56643337
0.77448505 -1.01394188 -0.08620184
0.54613924 -0.41566032 0.76092249
0.62551016 -0.43398562 0.01446768
0.09354124 -1.58879900 0.27094328
1.76032341 -0.21495029 -0.19808021
0.37886599 -0.56124532 -0.23621270
0.95913047 0.62197369 0.86491072
0.78650838 -0.30873981 0.12346001
-0.05367721 -0.27416500 -0.84682560
0.38591433 -0.09075719 0.78439963
-0.15033603 -0.08258355 1.58383298
0.45894653 0.26118663 0.73599237
0.46538579 -0.83523512 -0.39031816
0.00043400 1.06515753 0.60324824
2.12276912 -2.30116558 0.82082969
-0.03487789 0.08219326 -0.54668885
-1.19554603 -0.22602315 -0.52752572
1.06233847 0.55671924 -1.22619903
0.22054411 -0.61455518 2.09115601
0.10409377 -0.92294520 0.47582427
-0.89198309 0.50483131 0.03431877
0.46565771 -0.36204985 -0.45752928
-0.77270097 -0.52707207 0.20865236
-0.80574775 0.38433805 -0.90436447
0.27434078 -0.11276876 -1.39497936
1.35689437 -0.58765811 -0.92341703
-0.29427695 -0.22924867 1.51061440
0.42792106 -0.82093245 -0.02544663
-1.62371492 -0.01820065 -0.04013079
-0.87294543 0.19877400 0.25053707
0.73591995 -0.49304909 -0.07567019
-0.37475637 0.19969253 -0.62556314
1.72929955 0.02624458 0.28630111
0.73802102 -0.33614215 1.91792917
0.73411471 -0.32172337 0.46908170
0.35135707 0.99489570 -1.49495995
-2.19432521 -0.65511620 0.89700454
0.27015883 -0.50848013 0.16009827
0.48730049 0.88051492 0.22530682
-0.48718840 0.32674825 0.80639195
0.04976745 -0.32042107 -1.13015842
0.90921766 -0.10833362 -1.04588127
-1.08458388 -0.13642541 -0.77620429
0.48419395 -0.59683198 0.06728250
0.00897042 -0.58722305 0.59154874
-0.08540642 0.20161800 1.11113691
-1.31868565 -0.15075852 -0.29653290
0.35936341 -0.01443566 -0.22047845
-1.03530657 -0.63375849 1.63438094
0.17151330 -0.64002764 -1.36185133
-0.58552372 0.82423139 -0.57933456
-0.31787673 -0.86369663 1.50040543
-0.44207019 0.42872009 0.18670677
0.36562061 0.22730757 -0.91330862
-0.73277962 0.23417681 -0.44296041
0.53725201 -0.32662830 0.95774406
0.62937862 -1.20343506 -1.09133172
0.21682711 0.28793788 0.19293287
0.37447181 -1.06590378 0.16547471
-0.26485196 -0.60802382 -0.07076973
0.26169491 0.00679028 0.05885232
-3.38819098 1.36213541 -1.74501872
0.54988766 -0.18172731 -0.01358692
0.15034440 -0.92060822 0.53012747
-0.90196115 -0.42721882 0.95022291
-2.53486109 0.40404257 1.73690224
0.20619737 -0.02482161 -0.10085096
0.32299218 -0.37058660 0.00960801
-0.33375177 0.15231696 -0.47992805
0.85902315 0.52451438 -1.29668474
-0.72513300 0.23500326 0.45429963
-0.72256809 -0.22736272 0.19224729
-0.50563383 -1.83203125 -0.21450852
-0.27244198 0.74414033 0.74955320
-0.29774457 -2.92160773 0.95183897
0.45989117 1.38615239 -0.99530661
0.48686942 -0.58934325 0.03064977
0.09284760 0.00564822 0.04092695
-0.48890704 -1.08553147 0.38892636
-1.19074380 0.57342321 -0.60846120
0.19248146 -0.69985014 -0.78319490
0.32613158 -1.17404652 0.03625114
0.51371443 0.70444399 1.21094811
-0.60594851 -0.24130823 -0.34364939
-1.00664234 0.72382587 0.06157460
0.09979311 0.28527892 -0.08183789
0.27263343 0.13220060 -0.26443288
1.03395116 -0.31822971 0.03392153
0.27067754 0.31677550 0.28395870
-1.50283802 -0.71921337 0.25576696
-0.02846431 -0.48804709 1.31144762
-0.19767800 0.09065007 0.93079507
-1.06861353 0.41527903 1.18884158
0.33163053 -1.24044740 -0.08545592
-0.45014843 0.31175137 0.31638414
-0.71447200 -0.94822198 -2.47872066
-0.71981585 -0.74111176 -1.29934788
1.03631425 0.00964990 -0.93507493
-0.65924692 -1.35981214 0.15515448
-1.20818436 0.48820111 -0.49362245
-0.30453038 -0.01992274 0.23287661
0.58889776 -0.07479779 0.09690575
-1.37597656 -0.69842476 -0.57626414
-0.21066804 -0.48056722 0.18343045
0.51901180 -1.09117424 0.21340452
0.36004329 0.61825359 -2.41630292
0.01763212 -1.07500792 -0.43959218
1.02003098 -1.03179276 -1.36617208
-1.22443867 -0.11100261 0.06326246
0.19591096 -0.08750331 0.12332660
1.43784690 -2.54070258 0.14110170
-0.62317210 0.39616647 -0.28923327
0.88246256 -0.04940439 -0.05465585
-1.06206214 0.39212096 0.26558480
-0.19824950 -0.36960724 0.13413197
0.17006548 -0.45064530 -0.77856362
1.19245744 -1.01137638 -0.43014285
1.14008868 -1.00541580 1.33821750
-1.73382330 -0.46517330 -0.84093875
-0.38236713 1.49375343 -0.67754561
-0.19659454 0.14457108 -0.96014690
-0.14134048 0.68345684 0.96667707
-0.16039965 0.21861669 -0.69827139
-0.60676783 -0.48485518 1.32241440
0.67181557 1.14959562 -0.14136899
1.16840279 0.26017922 -1.52598703
0.22755864 -1.03164518 0.34150249
0.23713894 -0.63409954 -1.39177489
-0.47922570 0.97155458 -0.08507381
-0.16212028 0.69857490 -0.50251883
0.34363750 -0.43199563 -1.04151738
-0.50538260 -0.27087551 -0.21750125
0.07929527 -0.67051619 0.24594586
1.03680611 1.17373431 -0.15386879
-0.25123921 -0.01348684 -0.46083927
0.34516874 -0.54619485 -0.65936613
-0.22454681 2.41576910 -0.50858372
-0.18977489 -1.16388631 -0.67174637
1.24900126 1.99644101 -0.30939892
-1.03348744 -0.48073471 -1.13267255
-1.68169785 -0.20958354 -0.40157589
-0.70283306 0.44650686 -0.64274871
0.92349017 -0.99621224 1.00888443
-0.47374120 0.14639738 0.42684025
0.13565193 -0.61824960 1.22015297
-0.25101113 -0.27729490 -0.38366789
-0.00753085 0.30532926 0.77270645
0.06049649 0.97838455 -1.08862531
-0.29676142 0.36178267 0.65116638
-0.08701059 -0.38990510 0.25116059
1.35753083 0.52625895 -0.38506573
0.08804615 0.22567676 -0.75535792
1.99689257 0.23929018 0.21694909
0.41889337 -1.40978670 0.02579794
-0.19584042 -1.04120100 -1.20478845
0.02126947 0.25549927 0.70965207
0.49447808 0.35705712 -0.58752316
2.26913595 0.32850289 -0.02056400
0.44575405 -1.35697830 1.77823985
-1.14473855 0.26816612 0.07474101
0.97023469 0.59074205 -1.48681140
-1.53715193 1.12609351 0.02707332
1.17581594 0.29834431 -0.21699023
-0.84845364 -0.28742355 -0.43736744
0.66327196 -0.06770613 -0.56659597
0.13670704 0.76699638 -0.23821723
-1.22092950 -0.22475444 -0.27894434
1.12623584 0.76744539 -0.90673959
-1.03210533 -0.91250640 -1.24311197
-0.10299481 -0.15103959 0.19802622
-0.84324729 0.45729625 -0.23794542
1.52306497 -1.04840636 0.65497452
0.88182652 1.74870121 -1.66953981
-0.56943536 -0.20226434 0.24479613
0.91920406 -0.73037839 0.16483979
-2.56309009 -0.29757416 -1.02924132
-2.09714985 0.46582621 -0.73370481
-0.09935829 2.27192163 0.98647052
0.42887262 0.27760994 -0.42670166
0.18956539 1.20025337 -0.55218476
0.74763334 1.91626680 -0.29333246
0.10123692 -0.02427592 -0.57078749
-1.47048092 0.81368673 0.04085732
0.47207001 -0.11766534 0.34707001
-0.13081577 -0.73177463 -1.68777347
0.68155473 -0.26391840 0.79598522
0.19510531 1.10504508 0.01046449
0.06677926 0.05900826 -0.20854649
0.62358075 -0.35970464 -1.46533132
-0.49729303 -0.47935182 1.35944712
1.17397439 -0.15076905 -1.00933301
1.12358880 -1.00656569 -0.80644989
0.73490578 -0.07812907 1.00083506
0.92004865 1.24031711 -1.29244518
0.90402585 0.96376038 -1.52207351
0.53210539 0.34315783 -0.11689958
-1.08122110 0.09008244 -0.36859244
1.16761053 0.98227125 -0.88693756
-0.41821140 0.17223269 -0.37564144
-0.88403898 -1.00701344 -0.93601727
-0.46587211 0.12835532 0.04302924
0.80674690 -0.06035530 0.35347179
0.53691554 1.06941795 0.66697919
-0.42233238 -0.60378808 0.27935797
-0.77760041 -1.14506125 0.15816426
0.24753407 0.67569518 0.26965496
-0.93523562 0.13956667 0.71087760
0.04184963 0.30708861 0.28307602
1.99234974 0.53079528 -1.31152439
0.61865199 0.45786664 -0.34651402
-2.68477988 1.09058297 2.74907875
0.69898283 -0.78881484 0.70823455
1.21753669 0.44197026 -0.47563320
-0.72708058 1.21861577 0.03472101
-0.41210592 0.06531160 0.38355544
3.28887677 -0.46825951 -0.22580810
-0.60466164 -0.77436811 0.02512784
0.01358075 -0.48105410 -0.36206409
1.35544598 -0.57012773 0.68688828
-0.88069230 0.36227798 0.05961820
0.09458923 -0.55789822 -0.30504471
-0.72258174 0.94973588 0.12871064
-1.85653484 0.74960822 -0.05915362
0.14454253 -0.00928151 0.71835089
-0.18709788 0.00094364 -0.07984599
-1.88563609 -0.25787100 1.30580008
-1.46298528 0.62773842 -0.18080911
-0.37522951 1.37340438 0.71942103
2.09591675 0.91935986 -0.00198996
0.04291681 1.67765605 -0.95530766
-0.45242631 -1.25420737 -1.50547874
0.48962560 0.19236474 -0.45705622
-0.65480322 1.77944100 -0.63698375
1.08117402 -0.68755257 0.37579232
-0.60890359 0.41215301 -0.90254587
0.95860738 -0.51569968 0.34775144
0.90070826 -1.89705575 2.96503401
2.10133171 -0.25344864 -0.80113679
2.16209793 -1.36987484 1.89102411
0.09747867 -0.09347220 1.26741362
-0.48132822 -0.63999933 -1.23450100
0.30014813 0.21262901 -0.29609144
-0.53000861 1.14022672 0.76843649
-0.26034775 -0.00336160 0.87487656
-0.23795640 -0.09343611 -0.61253583
1.06786537 -0.74504220 -0.13223843
-0.30751669 -0.08265650 0.92106152
0.31976685 0.15809432 0.68206656
-1.12677705 -0.37753233 0.65889174
-0.39211836 0.84272200 1.39165807
-0.29592094 -0.09126251 0.17423068
-0.58904779 -0.55912250 0.24789660
0.97571182 -0.76029456 0.46278116
1.74928200 -0.38720894 -0.41416651
0.55430883 -0.30836266 -0.20858985
0.13208738 -0.72689456 -0.10811887
-0.56579250 -0.60493588 -0.20156039
0.91643888 0.79936069 -1.06137609
0.31750375 -0.37103575 -0.57322830
-0.91878098 -0.70137089 -0.78122258
0.49572152 0.03473024 0.58827388
1.22589576 0.58040613 -1.57677615
0.16831122 -0.26870212 -0.41318068
-0.91197079 0.42739037 -0.80713558
-0.62285018 -0.31793144 -0.33011076
0.69323713 0.19074045 -0.68632156
-0.47442052 -0.80323416 0.37805825
-1.06476951 -0.57652527 0.20489907
0.67802250 -0.25202265 -0.19300693
-0.17561466 -0.27031130 -0.31863418
-1.58711195 -0.57660931 0.83931726
0.44077250 -0.68507928 0.45962244
-0.42794892 -1.22729158 0.21189967
-1.70986402 0.70427257 0.45565486
-1.94434404 0.16985965 0.71875089
0.09839185 0.68281823 -0.38244826
-1.07731915 0.20274098 0.71946883
-0.15778780 -0.59438121 -0.58690780
-0.60298938 -0.15660840 0.45276508
0.52722031 0.96262014 0.47134796
-0.77637720 1.40726268 1.20801020
-1.18179071 -0.31953281 0.22297281
-0.84548604 1.68053842 0.43248865
-1.04273582 -0.23711048 0.24689500
0.25489217 -0.62483561 -0.52025908
0.23973328 0.65894866 0.20400710
-0.89925396 0.05611639 0.19011033
-0.10939718 -0.35477799 -0.20997253
0.18488915 -0.62689489 -0.39673838
0.07970442 -0.32492819 1.21188116
-0.03746862 1.12748075 1.48425674
-0.04115896 -0.89069259 -1.41687620
0.45474276 -0.31417033 -0.30356196
-0.56249881 -0.71340817 -0.79147005
-0.44907603 -0.24283703 -0.33429202
-0.65335530 0.37790459 0.55404502
1.77557111 -0.26752073 -1.65897787
0.20574065 -0.36949354 -0.57647121
-0.60444236 0.50942564 0.27018276
2.33146310 0.78593570 -0.45725501
-0.34580022 -0.27443939 0.47926921
-0.83273292 1.29049516 0.09134056
0.73755211 -0.72576612 0.54649109
-0.06615435 0.71623880 0.37722474
-0.46730131 -0.78831691 -0.03605877
-0.71551698 -0.13802414 -0.05532429
0.14432304 0.80240989 0.63829362
0.14717792 -1.16036546 0.81773341
-0.14468369 0.77777356 -0.77188140
-0.47399065 1.55150163 -0.22636043
0.92463344 0.27010575 -0.65035909
1.11710346 0.21111605 0.48728612
0.84243011 0.65980214 -1.04809308
0.80874574 0.03341978 -0.74154472
0.48292050 0.75918102 -0.19569576
0.79180413 0.29715234 0.17205741
0.00304908 -0.29981875 0.74765819
0.55706120 0.19262184 -0.67110938
-0.63806820 -0.31542957 0.56808060
0.91285521 -0.28180906 0.35064477
-0.03196403 -1.51053381 0.01036388
-0.28653571 0.09457806 -0.93367469
0.67086709 2.56443429 -2.15522599
-0.79657900 -0.20299922 0.17089599
0.12549894 1.17424965 -0.62134451
0.13306674 0.64731508 0.59364337
-2.01520729 -0.69198006 -1.68160248
-0.72591853 0.32615811 1.05304503
-0.98232466 -0.14093289 2.48756838
-0.74489594 -0.19139464 -0.13657451
1.30661678 -0.38963109 0.52508730
0.67890245 0.17422755 0.21062513
-1.06641638 -0.64698631 -1.69302034
0.06685219 -0.29336724 0.29318452
-0.14671500 -0.80995452 -0.09840534
0.35645908 -0.19153236 0.25570947
0.01488323 0.89395911 -0.36714050
0.72622639 -0.54672402 0.49958214
-1.08339059 -1.35225451 -0.48983824
-1.71406543 -0.21166757 0.28045127
-0.19687265 -0.00441714 1.13504410
0.62582421 -0.01211104 -0.37497857
-0.09060689 -0.69434488 -0.19024970
-0.85792035 -2.57573342 -0.22620064
2.00807548 -0.00970617 0.02626524
-0.20914136 0.48613635 -0.91966116
2.80455375 2.44219208 -0.40374222
-1.85076189 0.06291686 -0.05627635
0.02093363 0.64104325 0.25822937
0.15505703 0.01727180 -0.88592923
0.06088990 -0.21172725 0.60744631
0.90522897 0.43336076 -1.09810150
1.81070960 0.73967993 0.93283063
-0.31128314 -1.07816792 0.01464075
-1.72603416 -1.42753434 -0.36095786
0.83067727 -0.84236586 -0.90849984
0.46688130 -0.96020466 -0.00655243
-0.63305795 -0.11656062 0.82503033
0.84729290 -0.69052649 0.53969830
-0.09115441 0.36942795 0.45357528
-0.01727897 -0.61426997 0.17334203
1.33341289 0.07643158 -0.15674768
-1.53573775 0.45229873 1.02330720
0.63186973 0.75294775 0.03130180
0.81477493 0.43871963 -0.08564402
0.27775261 0.33394191 0.64966637
0.49697557 -0.50581294 2.25590658
-1.32903171 0.30301315 -0.29223356
1.94571865 -0.90155852 0.45131958
0.46815491 -0.90828812 1.29193389
0.15806079 -0.63759297 0.67334986
-0.11525942 0.74361461 0.53304368
0.89943570 0.67603350 -1.40689766
0.83124685 -0.03923253 1.65222991
1.01894057 0.33511135 -0.96889454
1.25125873 -0.56240743 0.43130225
0.08515234 -0.28272066 0.84788275
-0.33121184 -0.48880458 0.36999986
-1.03004003 0.43539232 -0.58060467
-0.61784887 0.36996180 -0.45882809
-0.88512105 0.17310973 0.10106497
-0.39932376 0.91571635 -1.43931067
0.47541764 0.29980195 -0.03711717
0.76311642 -0.82986689 -0.28672847
0.35588571 1.09509563 -0.98720402
0.83542031 0.85174859 -0.88548028
1.31898224 0.97556955 0.34887481
-0.05372412 0.49018106 -1.53372240
0.39654210 -0.44169351 0.53379506
-0.92915720 0.59077442 -0.76965153
-0.84639096 0.01589266 0.01140766
-0.64033037 1.30641413 -1.20340991
-1.66306007 -1.05254900 -1.26555133
1.24691808 0.74309874 -0.97325760
-1.53195298 1.32345152 1.57177579
1.30879307 -0.16727918 0.37388808
1.00699449 -0.26237980 0.58893460
-0.49575168 -1.54065847 0.85112834
0.85911602 -0.42386168 -0.27895424
0.65371817 -0.65746778 -0.23574486
-0.00132603 -0.09189004 1.02992034
-0.99704641 -0.76407754 -1.79068649
-0.78465337 -1.53967071 -1.08184803
-3.06207919 0.02402141 0.55872983
0.20617948 0.14893916 -0.21128221
-0.90172923 0.36838949 -0.69492525
-1.49114144 0.05510747 0.68302518
-0.33730903 -0.69014251 0.73339254
0.61729729 0.72698754 -0.23859759
0.90870166 -0.49827692 -0.42909515
1.78772819 0.65730274 -0.91321981
-0.70408893 -0.37659681 0.15555640
-0.66292864 0.95530456 -0.24693358
-0.27406263 -0.37948903 -0.80968106
-0.85020375 -0.51978880 -0.25786474
0.37639198 1.24777961 0.27531862
-0.38643849 0.13094968 -0.51277590
-1.36206305 0.92961293 0.52584702
1.05254936 -0.17916498 0.21814129
-0.41925329 -0.50100678 -1.16686463
-1.75176775 -0.68915129 1.20917773
0.27805173 -0.33436874 -0.05364060
-0.28835252 0.64925689 1.02823782
-0.24706186 -0.88969362 -0.14573006
-0.80523264 0.05245684 0.18833041
-0.34928042 0.68628085 0.67113328
-0.47602573 0.86328822 -0.73367679
0.59194428 -0.57863039 -0.06298291
0.31282359 0.44663942 0.32198301
-0.27817851 1.03239608 -0.71751243
-1.03721571 -0.02242252 0.73786265
0.06301177 -0.80132002 0.30467445
-1.08830512 0.08447444 -0.03684423
2.74740767 -0.51700342 1.27922094
-1.43098819 0.85520566 0.70304400
0.48949459 -0.25911936 -0.33235216
-0.45861563 -0.28224057 1.67806840
0.54218966 -0.47534582 -0.06352948
0.00911576 -0.42179158 0.33983788
-0.47835150 -0.68055069 0.00565343
-0.97479337 1.11449218 0.33016384
0.05047018 -0.25524136 -0.22274357
-0.27186471 -0.35053468 0.04186716
0.53925639 0.32151181 -0.68679100
0.15371756 -0.97997963 0.72753644
-0.81462771 0.21689333 -0.85516584
1.52801335 1.21164811 -0.00301698
0.46489036 0.43912503 -0.71241826
-0.53434229 0.01588272 0.57999855
0.00932611 -1.31362545 0.67331892
0.69896418 0.65806574 -0.94622099
-0.53123194 -0.66606832 -0.37671125
-1.05149949 0.35280114 -0.63047737
1.02483070 -1.13966513 0.85780084
-1.33699620 0.13355821 1.01259267
-0.76253533 -0.51265144 -0.08897755
0.85423392 -0.38456643 -0.77561086
-0.21447079 -0.36811495 -0.98866105
0.50427872 -0.22165859 -0.02773410
-0.95334053 0.68457365 -0.28184605
-0.05605657 -0.17091970 0.30090463
0.33833864 -0.52940488 0.35726053
-1.27513921 0.44687814 0.32303473
0.26634893 0.13326727 -1.21125340
-0.25836074 -0.97933102 -0.26896015
-2.14025927 0.11800850 -1.26886535
-2.06103063 -0.03160582 -0.61596614
-0.79929382 0.12242045 0.27121475
0.04873205 -0.13893965 -1.21028936
0.53510016 0.23438422 -0.66017663
-0.48785609 0.19144793 0.77294952
-1.10288119 -0.44646376 -0.72639853
-0.45603690 -0.18304004 0.11885488
0.66563028 -0.33043930 -0.54996741
0.01760801 -0.19229762 -1.01152706
-2.11276150 0.64543009 0.28791103
-0.92745668 -1.51121235 0.22908895
-0.86941153 0.59949321 -0.36727571
0.66756439 -0.10824285 0.69476974
-1.59309602 0.34405938 1.38053131
0.62865591 -0.89495498 0.06237571
-0.20883387 1.03668940 -0.64725828
-1.15948522 -0.52951127 0.15577842
0.43437660 -0.47678223 0.23055762
2.09404993 -0.73233360 -1.29844606
-1.15477276 -0.65209162 -0.38529140
-0.69961560 0.57755131 0.25230619
-0.42723086 -1.62632895 0.28108633
-1.17947507 0.26537204 0.34170511
-0.16369574 0.71913338 0.26196721
1.30002320 0.46809530 -0.17934403
-0.77172649 -0.83914679 0.93361491
1.57931876 0.69251466 0.12334308
-0.85236865 0.94201106 0.02242700
0.20478033 -0.67659718 1.22986305
-0.99430990 -0.11192481 0.16425498
0.60531390 0.33408585 0.87095219
1.77505493 0.12274185 0.70563704
-0.05551389 0.02284896 -0.54006779
0.57518047 0.27708486 0.13846421
0.59345508 -0.66826993 0.27895218
0.43637294 0.71653646 -0.30905420
0.49403471 -0.16842420 0.36604238
-0.06465779 -0.31342453 -0.44915086
0.41403288 0.33049649 -0.32867199
-2.56665325 0.42045280 2.07941437
-0.01149135 -0.70811135 1.25373745
-0.20763935 -0.41423243 1.13562441
0.41256607 -0.84074974 0.34026268
0.33272904 -0.54131013 0.35585740
-1.89055598 0.25505155 -0.38624644
-1.16088772 -0.72767276 -0.30010748
-0.27952307 -0.77101547 -0.73364729
-0.09811005 0.02095986 -0.69497126
-0.86325771 -2.22935438 -0.31484756
1.16106391 0.00855764 0.12571570
0.76936615 0.41087562 -0.66719508
-0.10635951 0.72083670 0.87571293
0.87476438 0.97593910 1.56704068
-0.23575032 -1.61646044 0.73961222
0.21648012 -0.00510149 -0.30287552
-0.94257742 -0.16081439 0.64289486
-0.96252292 0.89916629 -0.97249115
-0.77917951 -0.08197593 0.61875325
-0.19271962 -2.51717043 0.75152487
-0.81472743 -0.05389715 0.63440430
-1.13949466 0.41009930 -0.89389718
-0.18384993 -0.79773676 -1.67953146
-1.99880266 -0.66056794 -2.59763360
-0.10097693 0.10157114 -0.83104330
0.31276000 0.84167665 -0.21038789
-0.33209538 -0.01862108 0.11244077
0.17896409 -0.00827488 1.18412137
-1.17788064 0.71312976 0.22143278
0.33058548 0.41575262 -0.20181069
-0.37784046 -0.53019911 0.21919824
-3.57353187 -0.08588243 -1.32466114
0.65915024 1.81683218 -2.01326656
-0.95575571 0.42005789 0.67885482
1.83749521 -0.10904061 -0.38046011
0.82647979 0.94697726 0.67628884
0.72578508 -0.05735621 0.16581649
0.31610116 -0.61068773 0.06214066
1.10417485 0.05358973 -0.97416019
0.00740052 0.68312186 -1.04801762
0.40172860 0.77970481 -0.23376346
0.50473285 -0.48825368 0.55573159
-0.42928216 -0.05758024 0.49802738
0.20590004 0.80562615 0.45018461
0.64243352 -0.03785994 0.87082273
-0.17756006 0.03904995 -0.02209070
0.35598794 0.55115104 -0.65979296
0.51334655 -0.12925042 -0.34717479
1.18340647 -0.55504161 0.80905890
0.30621102 -0.94436485 0.19087484
0.37724665 -0.98951554 0.05588280
-0.04173904 -0.10268385 -1.02866685
-0.30846456 0.70752662 -0.61162239
0.02140134 0.83031672 0.09219450
2.89738679 1.22940719 0.83706343
0.46690637 -1.36305320 -0.74931604
0.29470688 -0.80558717 1.45384049
-0.92698497 0.25287521 -0.92177981
-0.67050308 1.05936623 0.00373463
-0.01607092 0.10464846 -1.28099179
-0.72107440 -0.12096734 0.68927348
-0.23331875 1.19988322 0.05712109
1.02922595 -0.54786605 0.12787873
0.02915358 -1.43076026 -0.18919817
-0.67618543 0.64223903 -0.30260476
-0.84260297 -0.70620269 0.57302338
0.44913432 0.22690651 0.56127340
-0.48211405 0.49685282 -0.67492771
-0.53180993 -3.07171655 1.49864209
-0.31409395 0.13672158 0.20333710
1.55017841 0.16212827 -0.23430693
1.98123753 1.39424956 -0.84414631
0.86422992 0.80921268 -0.62498921
0.22692111 -1.03122592 -1.50336707
-1.14730513 -0.22120912 -0.38758734
-0.10409169 0.85087168 0.25139615
-1.04082227 -0.71254092 -0.44187734
-1.02848065 -0.50291306 0.19728969
-0.31206506 1.27836680 -0.13883114
2.62664056 -0.19406845 0.10486387
-0.26877818 0.24383098 0.27033988
0.23087555 1.07737362 -0.70406199
0.12794422 -0.50412577 -0.28076169
-0.31416151 0.21266639 0.58463395
0.58063525 -0.28433275 1.04677367
0.44733867 0.48312092 0.15140535
0.09793699 0.39909858 -0.49915728
0.66105253 0.45967513 -0.42686993
0.59895825 0.40612471 -0.49014246
0.07300538 -0.44886976 0.59111184
1.60758388 0.33657482 -0.01009224
0.45073226 0.53620088 -0.40545133
-0.44341707 0.87455332 -1.41638076
-0.43582320 0.55629683 -0.18535213
0.50921494 -0.19880216 -0.61340457
0.49298197 0.71985435 -0.66710931
-1.06502259 0.15577550 0.95587331
-0.73213553 -0.42321187 -0.66865844
0.51006168 0.51117951 -1.58579350
0.08130237 -1.87541127 0.42562777
2.04865265 -0.83336800 0.30023524
-0.30881020 0.13844402 0.26341799
-1.33163655 -0.45339814 -0.72432202
0.36780867 0.01951385 -0.25225416
2.46786714 0.40541112 -1.45901382
1.69711018 -0.68885028 -0.32961914
1.40639615 1.63507867 -0.54752678
-1.11407447 0.10260926 -0.34397447
-1.75410247 -1.14297307 -1.49203241
0.43434238 0.52246898 -0.38209543
0.78395563 0.03785398 -1.21511543
-0.06335978 -0.30611894 0.45527244
-1.10973370 -1.08948588 -1.00805092
1.63044500 -0.93017513 -0.91565597
0.47594583 -0.83275688 0.22281705
0.32738227 0.32867357 -0.31832173
0.66122735 -0.45817778 0.30407214
0.53139925 0.33179584 1.21493149
0.76153970 0.02469625 0.86321020
-0.54920632 0.02590550 0.78633261
-0.67234182 1.38571441 -1.30826652
0.27943948 -0.85136974 -0.49285334
-0.16603357 -1.01419973 1.27812886
0.10226170 0.35020071 2.40704417
-0.10064805 0.10204735 0.07230534
-0.95282793 0.66666430 0.43018132
0.18466537 -0.61302942 -0.25417370
0.54262996 0.82528973 0.48512277
0.42914140 -0.26038107 0.64924723
-0.30016050 0.48127493 0.70878422
-0.02643469 0.96603572 -0.07759439
0.06981661 -0.48032850 0.22805245
0.42921168 2.96375561 0.34178862
-0.33145848 -1.06120861 0.42560196
1.97732437 0.18006508 -0.60966539
0.78033352 -0.39500141 -0.75392383
-0.06804851 0.41840500 -0.83506018
0.13411663 0.16082545 -0.33652493
-1.12705135 0.62483537 0.97955090
0.60457921 -2.07597518 0.72336167
-1.14047503 0.26076770 -0.16379316
0.11082587 -0.20441645 -1.00242496
-1.20029128 -0.39609101 0.04085937
0.29824337 0.32408205 -0.29587254
1.07027435 0.64921379 -0.21100847
0.14206019 0.14077185 0.49893638
0.44749102 -0.80258793 0.73963809
-0.52473664 0.07614345 -0.32651243
0.71128923 -0.78817850 -1.04637444
-0.54873258 0.72585726 0.61101770
0.27303258 0.85886616 -0.19234416
0.14529014 0.84765333 -0.18200468
0.15238495 -0.77878249 -0.64227408
-1.31101155 -0.60997725 -0.25979698
0.23375568 0.04227576 -0.21453474
0.46303618 -0.59314471 -0.17710921
0.62969112 -1.35556352 -0.42170089
-0.05459720 -0.00395577 -0.65602601
2.12460399 -0.77127606 -0.10161178
-0.15685888 0.04236550 -0.79747605
-0.04761691 0.18293118 0.94135994
-0.54923320 -0.31056827 -0.43163109
0.31168431 1.55105054 -0.50212491
-1.27574289 0.68198162 0.64984059
0.87952071 -0.13394064 0.05134825
0.28125194 0.04969182 -0.64455062
-0.27837220 0.68832409 -0.31368566
-1.35746300 0.00840985 0.82374799
-0.24261867 0.04798380 0.69705164
2.88260651 0.19745907 0.18420342
-0.63164264 0.05654630 0.72446406
1.65616083 -0.59372449 -0.55768496
-1.18734944 -0.16533098 -0.37589076
-0.20993017 0.78984010 -0.08862549
0.19900608 -0.22272106 0.59095222
0.02280191 0.12067865 -1.17132401
-1.01851630 -0.97755831 -0.74532479
-0.00495102 0.15961924 0.28938732
-0.82539219 0.77338767 0.50032449
0.34479916 0.49914083 -0.90659475
-1.14629865 0.55725384 0.11046507
1.39886820 0.67747945 -0.39516011
0.39078501 0.76927716 -0.53313655
0.31198433 -0.32461041 0.04697033
0.37713197 -0.41006041 0.42444223
-2.50517702 1.19805789 1.21267414
0.94107288 0.77380109 -0.45535278
0.02266589 -0.83420682 -1.34271467
-1.47803533 -0.38558197 -1.00857818
0.05093059 1.34757018 -0.66721880
-1.01865733 0.43688917 1.02260613
0.70195132 -0.35386002 0.12884890
0.85047078 -0.71798205 0.03426283
1.18835855 -1.02494299 0.97088099
-0.22151281 0.66097403 0.68680602
0.74895400 -0.52621806 -0.04938805
-0.09939846 0.16542399 0.69520926
1.12888968 -0.81761748 0.20198366
-0.22871117 -1.07349145 -1.08066094
0.06929643 0.19016106 0.71058202
0.10690822 0.49525273 0.90848047
-0.87520832 0.47210762 -0.25983483
0.25328815 -0.03289918 0.58998424
-0.06303065 -0.33564290 1.26342380
-1.14619017 0.55281913 0.59973484
-0.23473854 -1.02431262 0.37642765
0.25057638 -0.68852097 0.74633729
-0.76255685 -0.45846948 -0.14146499
0.54056311 1.02204609 0.00101621
0.03841696 0.52975059 0.96308434
0.96384537 -0.10208952 0.67943990
0.11649938 -0.05182816 -0.02507791
-0.68983936 0.71915841 0.58123803
0.47127953 -0.74755156 -0.22647582
-1.04025924 0.61514235 -0.09627502
0.09506749 -0.45343474 0.20749567
1.36173308 0.21355166 -1.01622844
-1.48721039 -0.06027245 -0.26802963
-0.41705152 -0.41531056 -0.37265432
-1.79111743 0.45981982 0.57463056
-0.17845614 0.16486333 0.27291229
1.16025233 0.35650644 -0.38183233
-0.68399048 -0.43122414 -0.91019493
-0.79935950 -0.11278186 -1.06349528
-0.29353917 -0.50796431 -0.00214833
-0.52798730 -0.43157840 0.58824867
-0.46087843 0.16149281 -0.36837122
0.40963358 -0.81692630 -0.39074224
0.72116178 0.63428766 0.72332346
-1.10705411 -0.77612579 -0.95712763
0.69963413 0.40907127 0.52437699
-0.73245567 -0.77069926 -0.50431192
-0.57355404 0.20806736 0.95590699
-0.13388269 0.20566319 -0.47593433
0.65886933 -0.28117976 -1.39639521
0.93538183 0.08294355 0.33941406
-1.01550281 0.32422727 0.68283755
0.09146421 0.52325785 0.02448815
-0.83315516 -0.64042145 -0.64527458
0.14874849 -0.03439953 0.81805706
-0.74268621 -0.36085221 0.69142765
0.76636171 0.52667594 -0.02457595
0.59899330 -0.20379002 -0.47740051
1.51433170 -0.41651809 0.95678169
0.04310996 -1.02634013 0.18080489
0.06062999 0.68053567 -0.61009187
1.17141449 -0.24158664 -0.17416093
0.36143118 0.80710787 0.92435950
-0.36555392 0.85521531 -0.50058991
1.38211560 0.02695091 0.24897774
-0.84619188 -0.46087465 -0.08987527
0.04655058 -0.35577440 1.14705014
-0.38774875 0.40239760 0.83629704
-0.87373519 0.55777591 0.32632703
0.20282327 -0.06967960 0.48642880
-0.98732340 0.58373737 0.01534064
0.03029784 0.25601274 0.12772958
1.20437932 0.17472759 -0.50435042
0.61256844 0.84741181 -0.24257535
-0.55797935 -0.24135928 -0.59709501
0.73601919 0.64612216 0.49669236
-1.13571489 0.22846819 0.16811652
-0.62998396 -0.43645167 -0.30875346
0.11031537 0.11862564 0.15496247
-0.53542554 -0.98319280 -0.07012592
-0.41461435 -0.06859739 -0.66992426
0.69181544 0.04284142 0.02265250
-0.15783001 -0.04457069 -0.83920562
0.54928935 0.31225011 0.24752721
0.22652368 0.52033752 -0.63891131
-0.03187477 0.22060712 -1.11852300
-0.10852134 0.22111042 -0.18130463
0.24268538 -0.23836948 0.47691330
-0.53996551 -0.46246108 0.49445528
-0.21038218 0.65077466 0.86279964
0.69907796 0.20064673 -0.34381381
0.35002226 0.17671324 -0.17062949
1.04005432 -0.04618049 0.34504583
0.70415550 0.31678751 0.86391640
-1.43335569 0.53441340 1.11272836
0.03027760 0.46383962 0.43179047
0.89758247 0.76042730 -1.36405897
1.26732135 1.05228198 -0.61221105
0.63355589 0.53855294 -0.30320221
-0.15030047 -0.52219623 -0.42674056
-1.03214753 0.00895858 1.28250825
-0.70096749 -0.20529811 -0.38363993
-0.78806621 0.14271155 -1.07594800
0.19892916 -0.21113613 -0.69889891
0.05575234 0.68129379 0.20889327
-0.23721088 -0.02089872 -0.53995955
-0.83479327 0.74404895 0.75371826
0.79606903 0.72594434 -0.37081704
-0.06873626 -0.15717584 -0.60471112
0.44042221 0.73847550 -0.38758069
-0.13601427 -0.23840462 0.23564577
-0.43831274 -0.05266381 -0.39053905
0.08052039 -0.10339564 -0.31456718
-0.28553236 0.29175439 -0.90110606
0.46731094 -0.83875227 -1.00160372
-0.76706123 -1.11806083 0.12252213
0.25328571 -0.44071087 1.14197195
0.37951407 -1.02385974 1.30844462
0.64335233 0.90790671 -0.31299135
-0.36637464 0.20791480 -0.00598735
-0.14423117 -0.60716742 -0.83327103
0.13698815 -0.52633369 0.39496481
0.14267868 -0.54160279 -0.17773730
-1.80400968 -0.06466376 -0.44203359
-0.84765041 -0.73273641 0.06955937
0.05298473 -0.01437421 -0.41393265
-0.00141411 0.06664763 0.20965743
-1.18178761 -0.69571495 0.41925922
0.11866637 0.12768400 0.50105673
-0.66711920 -0.23853458 -0.35709524
-0.26271820 0.53959781 1.09605944
-0.54881960 -0.05129065 0.27805972
-0.66895294 -0.61114311 0.59468788
1.41515124 0.62957078 -0.05427248
0.44511929 -0.95944291 0.44829026
-1.11751521 0.31228015 -0.53551787
0.88245070 -0.54628360 0.42801130
-0.52953094 -0.55203861 -0.68457168
-0.26808828 0.46841151 -0.17135432
-0.01726790 0.27066988 -0.16106236
0.64188117 0.57002366 0.71289176
0.84357899 0.34277126 0.96661949
0.35832939 -0.44851205 0.12308452
-0.68467599 -0.84377390 -0.33003533
-1.10281575 -0.67191809 -1.35203469
0.78163272 -0.66086251 -0.46026546
0.06299710 0.50298917 0.06824358
-0.49600494 -0.45393878 0.12161112
1.69085824 0.11718678 0.64611602
-0.21145986 1.03172994 -0.41829482
0.06172678 -0.39421073 -0.86575985
-1.64179778 0.11236297 2.15594983
0.91410834 -0.71403152 1.44597006
-0.82929611 0.55762500 0.69956273
0.58421332 -0.05560643 0.16412802
1.00742102 1.31680155 0.72956109
-1.29020834 0.60016370 0.31828874
-0.66059470 0.18699886 0.66034216
0.96269619 -0.16021512 0.59028310
1.48007667 0.41213009 -0.60068047
-1.81569278 -0.16187383 -1.03377259
-1.54037154 -0.71607786 -0.50591260
-0.23733896 0.21447033 0.58200103
0.46185374 0.47789380 -0.01035359
0.53576559 0.21895973 -0.54275161
0.23265345 0.62566209 -0.25483528
-0.26787615 -0.59164077 0.32310000
-2.19818139 -0.61416906 -0.35209605
-1.36829698 0.54684460 0.07805455
0.04548814 -0.09073960 -0.61250591
0.25933877 0.00541597 -1.40562093
-0.69124180 0.33072487 -0.08189914
-0.27776727 -0.86195761 -0.15741031
-3.09387159 -0.26962540 -0.22230315
-0.37901151 -1.37355769 -1.02204680
0.34564099 1.06635475 -0.56601954
0.03834112 -0.19361325 0.22357228
-1.02206516 -0.25667548 0.31898168
0.29652488 0.51467711 0.45616275
-0.19533017 -0.37989792 -0.18353747
-0.80205190 -1.04425585 -0.56250858
-0.12969305 -1.12266016 0.61209643
1.03888929 0.88608479 -1.49183083
0.98571664 0.41975158 -0.82542044
0.10905024 -1.10179126 -0.77276379
-0.12358176 0.01058532 -1.46225953
0.25986463 -0.52778620 1.17702794
-1.02553833 -1.40813184 -0.01085994
-0.10634375 1.35874081 -0.71398103
0.69944036 -0.08642100 -0.08296786
-0.36293399 -1.07124174 -0.33253393
0.65376264 -0.25943616 -1.10010529
1.04172015 0.39873052 0.19234431
0.05858576 -0.90085161 -0.01786635
0.50125706 0.01309107 0.42994380
-0.16549818 -0.80583447 0.56751585
0.36201867 0.30762354 -1.52484810
0.32976434 -0.22473216 -0.58548290
-0.41835654 0.71644241 0.47904161
-0.75027883 0.30490935 -0.19802578
-0.86215061 -0.05395508 -0.41783628
-0.36200356 0.79988319 0.32441160
-0.39406544 0.33553797 -0.04397259
2.99920392 -0.66394371 -0.15651549
0.56650138 0.24891140 -0.18264662
0.03532825 -0.22005907 0.79271597
0.59179258 -0.28632364 -0.22409233
0.14438456 0.62461418 0.34387228
0.83579218 0.42416620 -0.74079168
0.90092385 -0.56965619 0.97986269
-1.76590312 0.07839378 0.95426548
-1.78616011 -0.03457567 0.46774086
1.13378060 -0.24357402 -0.48378760
0.12853949 0.06237356 0.81440312
0.53364289 1.05350053 0.02659928
1.04822743 -0.90120864 0.32333946
1.66818225 -0.04280047 1.92790663
-0.25907448 0.50818896 -0.50237238
-0.51299018 0.17610028 0.34355929
-1.87982094 1.07840109 -1.05724514
-0.60410672 -0.08625570 0.04346748
0.71855426 -0.95348996 0.29050007
0.42690977 0.59705597 1.49453330
1.58497357 -0.15812658 0.24037348
-2.83138371 -0.72700632 -0.60670197
-0.55678564 0.09592201 -0.26902229
0.53020388 -0.49549061 -0.13632114
-0.09099485 -0.19336636 -0.65965408
-0.44912750 -0.48514161 0.35974148
0.10746851 -0.31788376 0.27336824
0.47648311 0.46957129 0.18968122
0.31240019 -1.25735641 -0.19227974
-0.52469385 -0.84019148 0.24684040
0.40525588 0.36741230 0.66486144
-0.05413199 0.43923211 0.73179287
-0.85082811 0.49597275 0.51416057
-1.61863613 -0.12680931 1.40311277
0.42800060 -2.57217193 0.61027282
0.15265720 0.65451598 0.29468411
0.73965853 -0.24124926 -0.72454095
0.68416303 -0.61825794 1.05700374
0.25682321 -0.19536082 -0.16502535
0.61073822 -0.48057330 0.75708902
-0.54759347 0.51520252 -0.03423285
-1.40712893 -0.27235591 0.64927155
-0.23183751 -0.63786459 0.18029583
-0.23835921 0.42262426 -0.26006812
0.10936530 -0.33436367 0.06907330
0.44424641 -0.34938264 -0.90443742
-0.69561094 -0.36497036 0.51446426
0.79602098 0.22356881 0.56433409
-0.77868491 -0.14025314 -0.15175277
1.05478215 0.12876709 0.44638592
0.07823137 -0.35778850 -0.34445351
-0.28504092 -0.49694094 0.43914750
0.58678150 -0.43270788 0.27098489
-0.17220137 0.53896636 0.68525344
-0.34598586 0.31089610 0.36502200
-0.25558048 0.42814395 1.33285558
0.20065214 0.19515935 1.26621199
-0.39276999 -0.37862426 -0.30959991
0.56706291 0.09651456 -0.20753738
0.15044177 0.58692390 0.47941855
-0.87737030 -0.99722761 -1.08510935
-0.88991565 -0.67751855 0.00873077
-0.10940474 -0.32816982 -0.64873612
0.40661284 -0.65854585 0.06453976
-0.13543843 -0.54400760 1.40493369
0.58301890 0.79857987 1.20396817
0.42827538 -0.26685032 -0.57988507
0.59765601 -0.68989873 0.09139241
1.31141865 -0.55709076 0.63250673
0.94612610 -0.68082398 0.82211089
2.03013396 0.80656552 -0.91139853
0.91219699 0.72624093 0.91580933
0.35712940 -0.42221886 -0.71146834
1.40225577 0.23528613 0.52983004
-0.24875015 0.72983593 0.12665938
-0.70208430 0.33412325 0.38787997
-1.64393592 0.01278660 -0.56740791
0.63418859 0.50694990 0.63079697
-0.60425591 -0.91202599 -0.19603656
-0.48996732 -0.52250648 0.32407403
-0.40215674 -0.47283015 0.12727781
-0.57011294 -0.05674123 0.51007849
-0.29322815 -1.60907960 -0.84878582
0.05700358 0.16868243 1.19505274
0.54414928 1.75613248 0.52487928
0.66946429 0.75407410 0.27822840
-1.47030449 0.39975435 -0.98461306
0.60239613 -0.27120414 0.86480951
0.31101131 -0.24681905 0.05424462
-0.36365947 0.38478798 -0.50163388
-0.39888081 -0.77642316 0.10387407
0.66429043 1.78818655 0.56371403
