0.01592132 0.23659182 0.02876070
-0.06054952 0.06025432 -0.03724791
0.23477495 0.22654308 0.06413379
0.11645553 0.40689367 0.06728271
0.19890758 0.35468483 0.06143862
-0.06998514 -0.04368926 -0.20225486
-0.17660616 -0.05768840 0.07606952
0.21299808 0.18473507 -0.14486963
-0.10524649 -0.01034271 0.02636469
0.14191495 0.27988419 -0.08291908
0.13065718 0.36462495 -0.04780223
0.21118961 0.23112348 0.01433809
0.00570931 0.36303014 0.01349919
0.03025369 0.20181246 0.19254534
0.15942137 0.09642652 -0.04163544
-0.15074711 -0.20374490 -0.29838878
0.13836208 0.33845535 0.13857944
-0.02682578 0.26200342 -0.10426595
0.04036786 0.33664113 -0.09103505
0.00615203 0.17487566 0.25180328
0.21313946 0.23891272 -0.06534053
0.40665489 0.15386891 -0.19418789
0.05025103 0.11904278 0.39599568
0.03873924 0.36877030 0.12117574
0.15556604 0.20498472 -0.11337879
0.30119798 0.15462263 0.10910991
-0.04074232 0.30566761 -0.05791345
0.33850867 0.12942503 -0.17255606
0.05125802 0.04879417 0.01225547
0.27721193 0.15196672 -0.17443340
0.23503970 0.24474159 0.11323941
0.05715758 0.20789617 -0.11153095
-0.21475250 -0.18921997 0.11920165
-0.03696131 -0.17949575 -0.28085184
-0.04221547 0.34996352 0.06908356
-0.16079029 0.00018255 0.00013859
-0.00826623 0.07622644 0.06327846
-0.20836432 -0.23379005 -0.33510464
0.03309885 0.15389016 0.31282711
0.19433904 0.15442991 -0.07533892
0.04388444 0.08095533 0.09888524
0.25634950 0.07147238 0.11720061
-0.06570034 0.02210251 -0.13845433
0.20098367 0.17798111 0.09032450
0.14829850 0.28138188 0.17110531
-0.44187009 -0.27666485 -0.08458461
0.23026553 0.27970299 -0.06293781
-0.38699076 -0.31840390 -0.00259531
0.07074435 0.32844862 0.17583962
0.15463731 0.20717968 0.46549019
0.08035208 0.13281120 -0.08482901
-0.23167458 0.02078403 -0.11720607
0.45742947 0.12185423 -0.16648464
0.09792450 0.12725811 0.45153829
-0.08543134 0.23594129 0.06652711
0.28087178 0.27918929 0.11990318
0.51173353 0.14311180 -0.16330630
-0.08826072 0.13180749 0.06734203
-0.17675468 -0.35467377 -0.38062480
0.08141187 0.10863259 0.13506161
-0.03573636 0.13191968 0.09831080
-0.28881007 -0.17896013 0.04316308
0.10248958 0.29642910 0.19225396
0.06509173 0.27782750 0.19307764
0.24060500 0.20007992 -0.04222914
-0.09654147 0.19073272 0.09304902
-0.22273017 0.00605834 0.04631924
-0.28547719 -0.30413756 -0.32103148
0.16064554 0.13759886 0.50628865
-0.16624597 0.04053691 0.01120497
-0.27003080 -0.20079640 0.07580432
-0.38130096 -0.22289251 -0.00662969
-0.32260045 -0.15279047 0.04000744
0.54116881 0.06061009 -0.16804036
-0.10908799 -0.09985184 0.03242090
0.14438222 0.07475134 0.01638590
0.26365218 0.15769498 0.17181757
0.30356643 0.19399150 0.12869959
0.25108597 0.35679564 0.05815266
0.39423949 0.08200596 -0.19148086
0.06170137 0.19255337 0.40234882
0.06615644 0.13248086 0.34105620
0.26867151 0.32053414 0.04945382
0.44584972 0.14401804 -0.12265909
0.01952023 -0.10275439 -0.22089203
0.36421734 0.20045027 -0.18288828
-0.29864204 -0.21384202 0.00847823
0.17933454 0.17237450 0.50093937
0.11211430 0.20735882 0.18530197
0.19589436 0.33668765 0.15366049
0.59379613 0.15071566 -0.09756275
-0.20070036 -0.12801154 0.15385875
0.05297555 0.13980745 0.20067126
0.16581450 0.39902639 0.11676521
0.09614389 0.12308151 0.17593019
0.45963338 0.17709254 -0.18051662
-0.01803147 0.16521111 0.30653504
0.33227548 0.04079984 0.15646300
0.05147280 0.43211284 0.00223333
0.02399730 0.19009298 0.46026808
0.24840343 0.33514008 0.13639763
0.11742851 0.21727195 0.41105720
0.19574454 0.20835815 0.49097076
0.33342367 0.17661805 -0.13410933
0.39683169 0.15936075 -0.12386424
0.22598325 0.35628620 0.11863181
0.29234794 0.19846797 0.19440113
-0.34988904 -0.36714861 0.01949650
-0.11059779 -0.22134106 -0.20647703
0.27102485 0.33943629 0.10324576
-0.43145165 -0.34173056 0.05872890
0.17398843 0.32185546 0.16845009
0.27347615 0.25790164 0.18605983
0.06741510 0.22481276 0.44388211
0.24544151 0.13128850 0.52975255
0.30769077 0.18679851 -0.14142632
0.08921813 0.24033953 0.42055342
0.26704890 0.23186092 -0.16348174
0.20809346 0.31060240 0.17643429
0.23604609 0.33219135 0.14014453
0.19561578 0.10908270 -0.00974010
0.12675421 0.32152641 0.17482714
-0.10571389 0.03063739 0.07421914
0.36285710 0.25590664 0.16032153
0.15438730 0.24283271 0.24605051
-0.11111295 -0.01844716 -0.06115221
0.32792598 0.25682417 -0.01516348
-0.04569770 -0.08543990 -0.03988062
0.29445052 0.24161249 0.28388372
-0.07267690 -0.08574945 -0.16451062
-0.13211358 0.05364959 -0.14391692
-0.42516974 -0.19208330 -0.03279885
0.38073701 0.02799204 0.17742687
-0.06522346 0.27941951 -0.03580756
-0.12635927 -0.40124360 -0.30486101
0.31389359 0.11629371 0.15537636
-0.02221531 0.22600891 -0.14036192
0.35246345 0.11924472 -0.14831793
0.32431978 0.23726070 0.10373208
-0.35203952 0.05924636 -0.19408952
-0.28878435 -0.25691628 0.02659218
0.29216963 0.20118272 0.04709565
-0.02135272 0.09608412 0.12381874
-0.18232714 -0.02433989 -0.07429764
-0.33880153 -0.22019775 0.06796415
0.12881818 0.12643628 0.49275073
0.12051831 0.09280630 0.40611610
-0.28824657 -0.19939159 0.12668654
-0.27393624 0.02362850 -0.12603655
-0.11464784 0.10392147 -0.12452976
-0.05240866 0.36375368 0.04608463
-0.00683806 0.11392321 0.29056269
0.43645450 0.19480376 -0.22340798
0.12323304 0.11018860 0.42067051
0.08584022 0.10576414 0.36127481
-0.20417193 -0.29180360 -0.42743808
-0.34892720 -0.14450437 0.06720091
-0.22182000 0.01607761 -0.10125677
0.30692849 0.24776143 0.15632913
0.30146128 0.27299339 0.23771007
0.45062807 0.29289383 0.06575730
0.01956067 0.11651031 0.29109025
0.31380755 0.20973092 -0.20930484
0.01065495 -0.01944155 -0.05503869
0.08778197 0.01132513 0.00233809
0.16367990 0.22835256 0.17875178
0.56540507 0.13900276 -0.18619363
0.04083403 0.02664494 0.06389715
0.08077007 0.02413454 -0.01172186
0.26353267 0.09845749 -0.14466023
-0.09589583 -0.19173048 -0.34393123
0.50742608 0.12088510 -0.13925058
-0.41335508 -0.23552600 -0.00137072
-0.36247012 -0.13641721 -0.01459942
-0.09866612 -0.03625600 -0.11765027
0.03735313 0.00255842 -0.07136344
0.26488581 0.05104337 0.08353955
0.02936720 0.11877649 0.25372434
0.36569268 0.13255852 -0.26104507
0.38538885 0.26474887 0.08646210
-0.25444233 -0.19582722 0.11924252
0.02708464 0.23288694 0.42402455
0.06810219 0.40310284 0.12387854
0.39351580 0.18312107 -0.24031252
-0.02159353 -0.18580960 -0.31637624
0.05058168 -0.00151766 -0.02429610
-0.19621335 -0.18344398 0.10173026
0.01901120 -0.02249199 0.01136250
0.16796204 0.17049615 0.51667964
0.43965709 0.14907368 -0.12302184
0.23110513 0.17047366 0.51934665
0.17542344 0.30910259 0.18518379
-0.11219051 -0.12229723 -0.19373107
0.00630342 0.34113911 0.16685951
0.53471512 0.15754870 -0.13152607
0.16904519 0.28371143 -0.13351209
-0.11018464 -0.06078919 -0.01945230
0.09660264 0.34045941 -0.12786551
0.14219527 0.27672502 0.20105183
-0.30483061 -0.41051361 0.05539837
0.35887480 0.07556340 -0.16632895
-0.20809436 -0.02651858 0.00180836
-0.03627525 0.28012824 -0.11802251
-0.16088682 -0.00997764 -0.12222404
-0.34237716 0.01018303 -0.18516715
0.32762885 0.02417856 0.16286835
0.16715129 0.07311914 -0.08113065
0.29135519 0.20994167 -0.18496929
0.00413916 0.00603506 -0.14559716
-0.32745504 -0.37284946 0.05408539
-0.39143178 -0.20212384 0.01821985
0.27860439 0.07992151 0.18333884
0.37249303 0.19712327 -0.23265862
-0.14546561 0.00386793 0.11850405
0.23633295 0.04946327 0.14250059
0.20241511 0.19510403 0.47708875
-0.03076680 0.37220272 0.12922086
0.33197117 0.25340399 0.25512290
0.12906076 0.17958382 0.37433383
0.28754699 0.01779272 0.16841604
-0.11976770 -0.37579814 -0.45424861
0.24440117 0.24434760 0.47910148
-0.03076975 0.39133272 0.04279003
0.45432279 0.18415254 -0.20346953
-0.29009810 -0.24040823 0.05719208
0.11047614 0.06593768 -0.06370082
0.02136602 0.09508433 -0.11148737
-0.21374033 0.02093159 0.03950495
0.23390400 0.13234675 0.53264236
-0.01931422 -0.20401827 -0.27785164
0.03289375 -0.04304180 -0.17365345
0.02208776 0.20229243 -0.15775654
0.00849824 0.29506806 -0.13819560
0.00818054 0.16416779 0.44174460
0.11734204 0.05397507 -0.02055496
-0.13551879 0.12753463 0.02290720
-0.11350572 0.28015804 -0.01892643
0.06526431 0.19672756 0.26488578
0.22875489 0.19518740 0.18709983
-0.04760217 0.18156417 0.31544930
-0.09498750 0.03614071 -0.22550409
0.11176262 0.44158465 -0.01803059
0.20410547 0.15147559 0.50891083
0.32761359 0.05170677 0.10585725
0.23327591 0.08611715 0.13255477
0.30919957 0.14537621 0.19854884
-0.16890870 0.11008237 -0.03357877
-0.12782046 0.21092644 -0.05254072
0.09464473 0.13581218 0.48185632
0.30572256 0.21549848 0.21964309
0.32369998 0.02120066 0.12403189
0.02461215 -0.17161180 -0.29216141
-0.04132771 0.14318368 -0.11722064
-0.05767248 -0.02494437 0.05905750
0.19376332 0.22334485 0.45340493
0.06068456 0.06132633 -0.06443240
-0.08250137 0.20478277 -0.07788937
0.57132638 0.16721717 -0.09309865
-0.08101154 0.09622125 0.09035745
-0.06667679 -0.25344175 -0.34927949
-0.34845343 -0.38522026 0.07681504
-0.19625030 -0.25404066 -0.28828305
-0.24434613 0.00471474 0.05098679
-0.17033589 -0.33867267 -0.37220320
0.21128748 0.28168160 -0.09865738
0.01962621 0.31070295 0.18837680
-0.11301631 -0.09968319 -0.14648025
0.43163788 0.17410973 -0.24922432
0.11581814 0.13314568 0.48130420
0.40188611 0.10383047 -0.23449209
0.11097360 0.36367783 0.17066450
0.04987449 0.03495951 0.11846329
0.03616960 0.03575038 -0.07923106
-0.01348564 0.20636202 0.31873789
0.28128707 0.31602198 0.02739957
-0.43490747 -0.31362411 -0.07358647
-0.12914573 0.01631924 -0.21599503
-0.39129752 -0.31775236 -0.08103013
-0.05211237 -0.06794871 -0.30445608
0.02260525 -0.14537296 -0.25593773
-0.15727928 0.05624250 0.05178491
0.38397017 0.16043413 -0.29429066
0.22058499 0.22830866 0.48085630
0.07898835 0.38395068 -0.10230172
0.10659061 0.06848605 0.08406437
-0.03741634 -0.14908317 -0.15846777
-0.11036764 -0.00590340 0.11411972
-0.44097012 -0.25232655 -0.05763485
0.54953462 0.04835035 -0.16912781
0.02257063 -0.10596456 -0.19835164
0.26749641 0.32178274 0.03788552
-0.18368955 0.02989744 -0.01513815
0.07782693 0.17784315 -0.15172283
0.10695966 0.07249891 -0.09720717
-0.04808012 0.29770768 0.14345621
-0.10373384 -0.42243320 -0.35407570
0.25658649 0.34705925 0.03376395
0.04109703 0.30613136 0.19958968
-0.01373452 -0.01513673 0.03150294
-0.04506823 -0.04113385 0.01987567
-0.24915920 -0.22412533 0.04686868
0.27062556 0.18603510 0.51304454
0.03047432 0.41101038 -0.04842839
0.12152859 0.36514649 -0.10824289
0.09695647 0.10496587 0.45433637
0.10178971 0.34665766 0.17726868
-0.09079102 -0.40967894 -0.41277099
0.35235393 0.14247538 0.11908793
-0.02477919 -0.11571941 -0.12087038
0.11097737 0.16286892 0.45010450
0.16889909 0.21942171 0.50627643
0.19903605 0.37399402 -0.01580227
0.15882975 0.19504663 0.20290877
0.55929571 -0.01660744 -0.15452272
0.30575538 0.15475301 -0.19944815
-0.36929485 -0.34698242 0.08368757
-0.05085681 0.18398222 0.22911675
0.22980908 0.10628513 0.10085300
-0.20377310 -0.16283149 0.14071994
0.24257641 0.11158894 -0.13381697
0.41990304 0.11389180 -0.14199704
-0.17799298 -0.34525993 -0.27476051
-0.08145539 -0.40700299 -0.38674626
0.30751067 0.27848408 0.28081727
0.23911025 0.26496419 0.19684245
0.24341072 0.28422701 0.22234252
0.28896213 0.30289578 0.29028094
0.29217568 0.25843143 0.18905798
0.30293304 0.25836331 0.25109366
0.17155354 0.12663320 0.17334755
0.22780283 0.20945925 0.22343713
0.38951537 0.25018141 0.07804326
0.26551124 0.14667121 0.01508621
0.19238970 0.16591705 0.18366015
-0.25344735 -0.27873045 -0.40362400
0.43600038 0.26961401 0.06621040
0.48486561 0.12179067 -0.25121990
-0.07194439 0.26641008 -0.06594925
0.27127242 0.12037367 0.04545880
0.06790030 0.03571022 0.07424859
0.05303749 0.20628975 0.40931275
-0.01851240 0.18505235 0.31454587
0.45734647 0.05697089 -0.22976594
0.02325691 0.01835601 -0.18963568
0.01389348 0.37096283 -0.09585640
0.03768342 0.35020539 0.17526740
0.53774977 0.07009383 -0.12495365
-0.04628827 0.02020299 -0.23784693
0.01881085 0.01446560 0.06211293
0.39082924 0.27277100 0.05380981
0.11903980 0.08790658 0.15239321
-0.19272147 0.04414331 0.07018355
-0.14419051 0.09205242 0.04680792
0.31927574 0.28785765 0.05651562
-0.09892607 -0.00981939 -0.26066718
-0.09552216 -0.01390100 0.10622228
0.02203690 0.36233070 0.16153125
-0.00211258 0.39232290 -0.03622798
0.09072398 0.07474682 -0.08765386
-0.09681798 0.05631021 0.08805159
0.07627130 0.39859039 0.15157293
-0.05268010 0.25390434 0.16889291
-0.29341498 -0.27086106 -0.34397215
0.13193582 0.40504479 -0.05929005
-0.14045191 0.03801667 0.10048269
-0.06972855 0.10142004 -0.16095437
0.16993859 0.10945329 0.04668607
0.39710504 0.19835286 -0.21985112
0.52046782 0.12398080 -0.14180434
0.02344922 -0.07349734 -0.23418874
-0.20127432 0.02110237 0.10289334
0.23531839 0.37370080 0.04008778
-0.18310876 -0.38519788 -0.38401541
0.00034831 0.20449224 0.33005682
0.28456140 0.18093522 -0.20887639
0.08908074 0.43119407 -0.02185745
-0.14440395 0.15968548 -0.03161667
-0.07721350 0.26900947 0.13361138
0.03659994 0.30327260 -0.13389115
-0.02500365 0.14531507 0.24915138
-0.10037059 0.25920901 -0.02399292
0.23717158 0.12032029 0.17971353
0.12516418 0.14570385 -0.17003146
-0.43912348 -0.28251603 0.00892294
-0.07488304 0.16790238 -0.12633708
0.18179590 0.04839419 -0.03306486
0.21956047 0.31520751 -0.05006159
-0.07212719 0.00880170 -0.26655716
-0.08410490 0.30997393 -0.03817675
0.25406349 0.11875220 -0.12771137
-0.01562234 0.04584316 -0.21656497
-0.13710411 0.14001781 -0.07758687
0.15938400 0.07880315 -0.07192812
-0.17985690 0.05913978 -0.02768507
0.09226635 0.09182870 -0.10281800
0.55832171 0.13782930 -0.13968366
0.01861307 -0.05620157 -0.10766739
0.13692246 0.23125395 0.44525406
-0.02261158 0.01351212 0.05826427
0.28308737 0.16649032 -0.10664023
0.32734090 0.08824598 -0.16545004
0.00734078 0.42021352 0.04846168
-0.08770752 0.23309022 0.11784969
0.02910324 0.04970032 -0.14867213
-0.02887280 0.10011289 0.12836000
0.17068107 0.39820984 -0.03612433
0.11722549 0.43363103 0.01489601
-0.01543589 0.36416698 0.13046063
0.24769597 0.11722168 -0.17742163
-0.08829183 -0.10854419 -0.18374455
-0.00030303 -0.03203633 0.00984029
0.44361046 0.15145387 -0.23612881
0.53572267 0.04229149 -0.15349199
0.26553851 0.05222468 0.14110000
-0.14489882 0.06729104 0.10076705
0.08887067 0.05184116 0.06256431
0.24052423 0.12269271 -0.04846398
-0.24464211 0.06553293 -0.13024208
-0.15177716 -0.11211275 0.02689082
0.11396687 0.22827926 0.46019974
-0.16665523 0.09406704 -0.05626730
-0.13598868 0.09426910 -0.10348605
0.27073678 0.24571639 0.48565069
-0.12241004 0.13699047 0.05279724
-0.04075417 -0.03724775 0.04679743
0.13782220 0.06077859 0.05358570
-0.01056899 0.20002663 0.28307498
-0.12602055 0.17303172 -0.04518594
-0.29661691 -0.23364742 0.09693854
-0.02504490 0.15740520 0.31121704
-0.10182142 -0.06566699 0.08520359
-0.11639219 -0.11569408 -0.19183825
-0.14417481 0.02957966 -0.14884543
0.09206413 0.22711837 0.48690695
-0.07553926 0.18472248 0.10122394
-0.11443201 0.16710752 -0.10041568
-0.01723295 0.26908249 0.21603611
-0.17680576 -0.00243949 -0.05422652
-0.38794449 -0.29974872 -0.03097980
0.17379014 0.12499465 -0.14108285
-0.08094596 0.21572326 0.16748308
0.13039227 0.41892639 0.10121841
0.43375459 0.19881445 -0.15889649
0.24920119 0.31550425 0.01347033
-0.32512909 -0.35821632 0.00732409
-0.14078403 0.00231046 -0.11413618
-0.21365573 -0.37145069 -0.37385964
0.12548169 0.13457729 -0.13805197
-0.17345102 -0.02618720 0.13621521
0.02311274 0.21169540 -0.15308082
0.37101942 0.06379081 -0.20542225
0.22081180 0.39794993 0.09468744
-0.12593497 -0.06795479 -0.20106733
0.51535004 0.18131620 -0.14745982
0.26156810 0.06796683 0.15332605
0.03488190 0.06476942 -0.11432043
-0.08849534 -0.17612000 -0.21943282
0.12102907 0.05777971 0.06228591
-0.08949430 -0.04979618 -0.26517472
-0.15218583 0.17497109 0.00218952
-0.11572187 0.20973195 -0.01382740
0.17927043 0.12921852 0.11259376
0.05796895 0.00363715 0.02000322
0.42726991 0.18059464 -0.14052328
-0.13115735 -0.01728134 -0.09117003
0.02983509 0.28474423 -0.16472003
0.03965946 -0.00383986 -0.10745160
-0.22677068 -0.05119342 0.12543491
0.09218927 0.25501141 0.22431441
-0.09912530 -0.03179527 -0.23401201
0.01062651 0.18462218 0.42901433
0.35402265 0.18623725 -0.12710980
-0.12881888 -0.13345855 -0.24498597
0.03667261 0.12646608 0.24795221
0.35620320 0.10109491 -0.16115914
0.41449323 0.11865313 -0.24543750
-0.33763385 -0.24171482 0.06870309
0.04617822 0.09381177 0.37998873
-0.10619710 0.27433753 0.02180918
-0.15842475 0.02848656 0.10544183
0.01140669 0.09164388 -0.18983194
-0.07584904 0.12445320 0.11341161
-0.10467105 0.17987616 0.08354166
-0.06919900 -0.22637303 -0.27283150
0.01459809 -0.09335653 -0.17323609
-0.15840511 0.02556084 -0.12966590
0.02708729 0.39353159 0.14157057
0.14726155 0.11659728 0.11792497
0.12019722 0.23022175 0.39903250
-0.11924247 0.19007237 0.04412592
0.21963151 0.34993517 -0.00576823
-0.00885442 0.35144934 0.15027557
-0.40149647 -0.25086203 -0.04401099
-0.04776852 0.34690490 0.10797561
0.17521986 0.16059907 0.48952904
-0.01152940 0.41011092 0.04393353
0.17285655 0.22602841 0.41104338
0.36717299 0.13841020 -0.13409950
0.27724415 0.12083832 -0.19054148
0.06341404 0.12595987 0.31861115
0.10223348 0.19424170 0.48519662
0.14883451 0.43721843 0.05240770
-0.17082901 -0.11053438 0.14627828
-0.03103319 0.38510543 0.08268989
0.03996660 -0.01651842 -0.04614777
0.30846271 0.10630813 -0.16478737
0.05556675 0.44372582 0.00802928
-0.04436221 -0.12502119 -0.16647619
0.04652335 0.42060295 -0.03616692
0.16812529 0.22842371 0.48393092
-0.01146504 0.12401418 0.30478904
0.07185468 0.14609450 0.29535639
0.27131242 0.14733349 -0.21598305
-0.42506778 -0.31006074 -0.00896564
-0.08670500 0.22940016 -0.08774433
0.05474712 0.33008355 0.18706366
0.13108143 0.34962818 0.16314882
0.11965696 0.21996796 -0.16753539
-0.05872943 -0.06434193 -0.29368085
0.32871503 0.11311908 -0.12391179
-0.22920574 -0.02017068 0.10191721
-0.18029955 -0.16249403 -0.29919627
0.20416203 0.10573334 0.04134380
-0.05532630 0.16273306 0.17604558
-0.09869510 -0.24971622 -0.28474143
0.11674188 0.14815778 0.18102676
-0.05504392 0.19826213 -0.12261784
-0.42203224 -0.29196972 -0.09101744
0.24458027 0.21572189 -0.21108952
-0.17084107 -0.04579253 -0.03990654
-0.08896582 0.20985089 -0.08125952
0.25461560 0.08006310 0.08923030
0.01642321 0.12108818 0.35314018
0.01911493 0.25728595 0.23530567
0.13493258 0.21733773 -0.14765656
0.24766073 0.16760543 -0.01787262
-0.07969601 0.31444764 0.06659836
0.20948681 0.21299662 -0.20039025
-0.03591399 0.34874737 -0.07102446
0.31307739 0.04226449 0.11519378
0.02053911 0.12781668 0.42072406
-0.46526399 -0.27701831 -0.08479489
0.09590504 0.33424491 -0.13091922
-0.03741931 -0.07925091 -0.11484941
0.32933494 0.11010590 0.12279063
0.19723479 0.36935735 -0.06038860
-0.13210078 -0.37752527 -0.44807455
-0.06060823 -0.22611551 -0.30979410
0.29153827 0.06256905 0.10343046
-0.08162903 -0.17408264 -0.34255326
0.40376261 0.08165094 -0.16835487
0.50580484 0.07963697 -0.14618100
0.05297145 0.11515611 -0.14637345
-0.31787482 -0.15686606 0.07848047
-0.36470386 -0.35691217 -0.03299933
0.40816516 0.07860669 -0.22740136
-0.27448222 0.00373114 -0.13658069
0.40551311 0.18136732 -0.14443885
0.39285767 0.06443647 -0.19435683
0.18292339 0.39306748 -0.02434228
0.04248787 0.10818148 0.41145834
-0.04274699 0.11796163 0.16638887
-0.46517506 -0.29631329 -0.05760537
-0.01507242 0.24962682 -0.13686879
0.24589598 0.16742143 -0.09603445
0.14958803 0.33426860 -0.11249843
-0.27253047 -0.32803974 -0.34740296
-0.13748299 -0.07414681 0.12584105
-0.33754292 -0.31685337 -0.00066508
0.09130262 0.38409045 -0.08933127
-0.01030324 0.12680070 0.26070121
-0.06143126 -0.06449271 -0.01245192
0.07251695 0.16832583 0.26148129
0.02684018 0.15639879 -0.15383503
0.22906922 0.10515393 0.15342197
-0.05354606 0.08213209 0.10412553
-0.02081995 -0.06759664 -0.03924340
0.04581990 0.22019444 0.46587136
-0.16627988 -0.19415434 -0.23080549
0.18642175 0.19179790 0.17207451
0.27508417 0.16245858 0.04632153
-0.07855974 -0.06341044 -0.11960142
-0.05257969 0.34646198 -0.02305686
0.43218207 0.19310874 -0.20692524
0.33218369 0.02667528 0.14510630
0.51523578 0.06465732 -0.16257392
-0.05084007 -0.14925218 -0.32340327
0.04460556 -0.01379484 -0.01501430
-0.40789944 -0.38827646 0.11248703
-0.31263173 -0.23374522 0.07399869
-0.14901181 -0.17483431 -0.35408786
0.15625238 0.38387293 0.14077857
-0.13057731 -0.23470286 -0.35525012
-0.03268854 0.28160137 0.19436775
0.13686430 0.31949896 -0.11928979
-0.11090717 -0.36718941 -0.35797927
-0.38270813 -0.30903271 0.05692988
-0.10343911 -0.21943714 -0.34566870
-0.23389965 0.00999786 -0.13881843
-0.39180920 -0.22809857 0.05059589
-0.01732912 -0.04859161 -0.06533691
0.44019821 0.13884829 -0.13421774
0.36977226 0.02222052 0.17753740
-0.03500452 -0.21791148 -0.30043486
-0.25564268 -0.05564200 0.08689316
-0.11806352 -0.03011776 -0.05257903
0.18950596 0.18453197 -0.22645828
0.47369573 0.12971984 -0.21865776
0.09814758 0.19054173 -0.19369793
-0.21783535 -0.19519773 0.07539846
0.22252601 0.13816753 -0.01620983
-0.33423287 -0.25187874 -0.03818526
0.05610462 0.27216515 0.22112460
-0.36591703 -0.26041082 0.01876650
0.22997651 0.36762825 0.04627750
0.15145034 0.33474314 0.17288837
0.03501244 -0.05538760 -0.16983406
-0.34778810 0.03860965 -0.19169784
-0.34696215 -0.42322886 0.10501385
0.14565419 0.28902176 0.19394547
0.05769367 0.31161034 0.19664964
0.22345388 0.19480488 0.51273435
-0.06706467 -0.06653760 -0.07781216
-0.11243409 0.11121431 -0.12645441
0.24641465 0.23540209 0.49718437
-0.37828970 -0.21576393 -0.06674708
-0.10575663 0.29905826 0.06114791
0.06800406 0.17612018 0.28297448
-0.34945738 -0.27571839 0.01740995
-0.11954389 -0.11218445 0.06604829
-0.11799350 -0.10885981 0.08895955
-0.19825637 -0.02606840 -0.02530975
-0.06052350 -0.20830022 -0.24224754
0.16087355 0.18874963 0.44343650
0.29401752 0.23702240 -0.10085548
0.16248962 0.37426078 -0.07078602
-0.34455302 -0.35187903 -0.01008237
0.15291834 0.12580286 0.51055491
0.56766039 0.12804076 -0.10859843
0.32955605 0.10446572 0.16155976
0.00833478 0.10993735 0.24096249
-0.19753158 -0.26526654 -0.38080746
-0.19215810 -0.13052149 0.15118726
0.33984444 0.13908131 0.08226722
0.25467446 0.09911462 0.17194204
-0.14648193 -0.26338696 -0.26799926
0.12193710 0.44163385 0.06291819
-0.21738312 -0.24219701 -0.27478987
-0.43148136 -0.33268201 0.02709394
-0.30197042 0.02212244 -0.15718879
0.31641316 0.08571001 0.18374546
0.09428926 0.16059835 0.34472653
-0.13464710 -0.15959832 0.11428795
0.32302678 0.18406743 -0.14650409
0.09123032 0.12418292 0.33806533
-0.40655783 -0.32034451 0.06755004
0.27182394 0.16355190 -0.11101867
0.26465800 0.14377883 0.20418966
-0.35982975 -0.33487231 0.02659822
-0.02131579 -0.18186001 -0.23903248
-0.14424011 -0.32287309 -0.30496675
0.33203509 0.15715060 0.15757141
0.19172916 0.37812856 0.12236167
-0.23441319 -0.23645034 0.05070421
0.13771604 0.42145813 -0.01640595
0.09996942 0.17800990 0.22951823
-0.43981409 -0.33931565 0.04863676
-0.21986161 -0.21982059 0.11371733
0.22542621 0.15049170 0.52914304
0.09217173 0.09920708 0.43419743
-0.32025176 -0.27403513 0.03153715
0.13115487 0.25551406 0.20559171
0.17905258 0.40710682 0.08554360
0.57707971 0.07772902 -0.14233306
0.29800555 0.28841484 0.24640100
0.10331009 0.42345870 0.08679292
0.48704219 0.09095079 -0.19163342
0.34431317 0.30479839 0.31275418
0.08904668 0.30798918 0.19972475
-0.42687124 -0.21157928 -0.02731610
0.33259749 0.27312201 0.09467056
0.57291102 0.13524459 -0.12665892
0.10636012 0.40009663 0.13417692
0.31024840 0.26243383 0.18079711
-0.38465217 -0.35783681 0.04698817
-0.11838783 -0.05954967 0.11443179
0.58046335 0.09611258 -0.12315913
0.36060002 0.22104359 0.12748237
0.16272902 0.15087026 0.53287005
-0.14491087 -0.01460883 -0.21048097
0.08205588 0.05284317 0.12440373
-0.12427416 -0.35831493 -0.41344702
0.06493690 0.22172783 0.30374545
-0.12009060 -0.02806151 0.11535320
-0.04308669 0.32730544 -0.08501597
-0.16671620 -0.34529823 -0.41951150
0.03001151 0.11001544 0.39071643
-0.18677488 -0.10739047 0.14711778
0.03132419 -0.02656944 -0.19895789
0.41396064 0.29662713 0.09442514
-0.23949620 -0.00382770 0.01762769
-0.40656787 -0.34735778 0.06532074
0.21642052 0.28504282 0.18312421
0.20557308 0.32654297 -0.05262413
-0.12670796 0.01758379 -0.17572832
0.34459209 0.12106126 0.13904852
0.55783325 0.15932795 -0.12539975
-0.12691541 -0.38771904 -0.40498108
-0.34076536 0.05690880 -0.18506813
0.35091707 0.23235381 0.08569868
0.28501689 0.22884214 0.21694861
0.32772508 0.24208450 0.05816595
-0.32229471 -0.37593925 0.02803276
-0.12758343 -0.06512662 -0.14773013
-0.00384898 0.24870309 0.28486776
-0.12850933 -0.14499931 0.03982462
-0.31521392 -0.19562604 0.09195358
0.57198113 0.05475038 -0.14174889
0.56623238 0.07164422 -0.17740363
0.58441639 0.08136003 -0.08308561
0.08016586 0.42816773 0.08837607
-0.13194886 -0.38466415 -0.33091936
-0.23172699 -0.03378633 0.00982840
-0.10850430 -0.38082337 -0.43474826
0.01951956 0.14996208 0.43916762
0.03319453 0.42501390 0.08006382
0.42806253 0.05410235 -0.16526277
-0.08233503 0.28548035 -0.06642222
-0.31408548 -0.12560822 0.04410315
0.26603824 0.19935617 -0.08004302
-0.12175517 -0.06063255 -0.14733420
0.02634901 -0.06611501 -0.24605235
-0.00978046 0.13511236 0.21377139
-0.14107744 0.19008647 -0.00990046
0.37557217 0.28437653 0.08016191
-0.02284453 0.20560540 -0.13841984
-0.14829725 -0.30183703 -0.35680917
0.03263488 0.11714529 0.31695664
0.40959027 0.18778804 -0.16930188
-0.22056326 -0.34973982 -0.32613879
0.22036089 0.15301628 -0.00012039
0.32263210 0.02239628 0.15256432
0.08488309 0.18643111 0.34167308
-0.16286911 -0.35766214 -0.44806427
0.30485734 0.09303599 -0.19604929
0.33538476 0.11051491 0.10715912
0.58333784 0.02735454 -0.10346796
-0.20172937 -0.11502019 0.00406528
-0.14586318 -0.38206372 -0.34521216
-0.02667673 -0.14489201 -0.19424823
0.27654117 0.10002858 0.18878469
0.22687411 0.10843337 -0.16092630
0.02494211 -0.07745334 -0.21915947
0.27506116 0.29016459 0.12952946
-0.00537912 0.35805288 -0.08252348
0.09278529 0.36733326 0.16756707
-0.10245277 -0.40974167 -0.44506252
0.36136293 0.03692884 0.12993929
0.55194986 0.06448081 -0.14477186
0.34639791 0.16765222 0.11878633
-0.16539021 -0.18014605 0.06582213
-0.02398580 -0.02644342 -0.29614636
0.30598024 0.19967268 0.17727417
0.22110929 0.12251479 -0.02381719
0.01564570 0.10532516 0.26043889
0.06404147 0.10306183 0.32604238
-0.14051352 -0.33933523 -0.37117165
-0.03549324 0.14559315 0.26043308
-0.10129214 -0.08153246 0.09124903
-0.01130489 0.13711280 0.33664453
-0.10727159 0.22247426 0.10583380
0.06721254 0.29702756 -0.15076324
0.05533145 0.32102674 -0.13574673
0.47750720 0.16801374 -0.15422586
-0.10616799 0.30187935 0.03223569
-0.02711699 0.24803253 -0.12502001
0.18281898 0.21695560 0.19914846
-0.19466534 -0.09779852 -0.01026870
0.07161952 0.03953811 -0.03860394
0.27051145 0.19141120 0.00705503
0.30300012 0.14196974 0.05787063
0.25534436 0.12675123 0.07292327
0.16459347 0.19085976 0.15057819
-0.38444164 0.03259789 -0.22020954
0.25951970 0.12556899 -0.21434407
0.08390634 0.10751720 0.44693607
0.17927718 0.33593503 -0.09156413
0.10466380 0.26948416 0.21389247
-0.08539819 -0.07599133 0.00769166
0.34134027 0.18388616 0.07820395
0.07402410 0.09628270 0.36293766
0.27064112 0.15766029 0.51010132
-0.27526140 -0.11038943 0.00556921
-0.00563157 0.38854030 -0.05701642
-0.16821295 -0.26956034 -0.32471666
0.25825047 0.31685498 0.01632105
0.31694415 0.04350442 0.10649555
0.20146759 0.13477904 0.53136367
-0.12408333 0.20292838 0.00956281
0.24051146 0.13758910 0.18560576
-0.11855184 -0.10972338 -0.26818317
-0.21148187 -0.30729851 -0.34048411
0.21643156 0.15484807 0.17450471
-0.03168361 -0.10700368 -0.14496700
0.30096224 0.11224377 0.08414139
0.20564625 0.13138419 0.07094146
0.29391050 0.11616838 0.18685097
-0.19593811 0.01093565 -0.12224495
0.23423810 0.19256262 0.48727867
0.21408176 0.23239097 0.47697040
0.30600020 0.13184255 0.16801973
-0.38187972 -0.37693822 0.07900803
0.28261113 0.10255136 -0.16052307
0.13272339 0.16653095 0.17199561
-0.24043241 -0.10556674 0.09606872
0.25068519 0.25753906 -0.11419485
0.14652367 0.21699212 0.20997734
0.31762192 0.24515851 0.13994996
-0.25530040 -0.06087428 0.05929711
0.02647479 0.21242219 0.29768908
0.46888667 0.09794477 -0.22556862
-0.09605916 0.27199912 0.08831760
-0.23169099 -0.27002406 -0.27881575
0.25079978 0.13987093 0.06311020
-0.13446569 -0.08732282 -0.16565062
0.23911263 0.23430753 0.20914662
0.11563906 0.16398531 -0.15022264
-0.01773868 -0.09749864 -0.30367112
0.48182967 0.15602131 -0.13483730
0.27425921 0.16337319 0.18736714
0.45580494 0.06043546 -0.18363018
0.01740672 0.41065654 -0.03309957
-0.01498948 0.23260881 -0.13794662
0.21604903 0.12725471 0.52914739
-0.06567089 0.34868363 -0.01858058
0.21913673 0.26302466 -0.11142670
0.33668166 0.05766760 0.17951454
0.27806553 0.33303100 0.09734333
-0.40603718 -0.24425706 0.02674952
0.27741277 0.04999267 0.15415782
0.09528530 0.22616521 -0.15733384
0.25214007 0.18427256 0.03468811
0.52480066 0.09198792 -0.14879589
-0.23734643 -0.28423500 -0.36048833
-0.25990161 -0.20177276 0.10809194
-0.23912123 -0.21691671 0.06525696
-0.07674546 0.26360756 0.13534947
0.15832889 0.12262271 -0.13053238
-0.33288100 -0.40814349 0.04874956
-0.16540426 -0.31348664 -0.31389108
-0.10084428 -0.25116494 -0.34516600
-0.22218859 -0.05925183 0.13126846
0.21942376 0.14316642 -0.17748529
0.13528918 0.21983051 0.20594376
0.32547510 0.26966006 0.26860961
0.01093207 0.22084127 0.37895659
0.02288272 0.08709650 0.14115176
0.54902357 0.14262722 -0.17323893
0.14554125 0.13334876 0.13995041
0.03157328 0.17694438 -0.15209724
0.16658705 0.23944309 0.18814079
0.27470973 0.06653275 0.09152064
0.40637034 0.09261640 -0.16255887
-0.14307664 -0.12736844 0.10309959
0.20879352 0.13935840 0.13726735
0.30807513 0.21908285 0.17667472
0.26437104 0.25041565 0.21635191
0.15796775 0.29127684 -0.13416560
-0.02297267 0.08863340 -0.16971803
-0.29600126 -0.12605573 0.05455028
-0.18030646 -0.24895413 -0.35959688
0.07737195 0.26149046 0.25641716
-0.22940719 -0.24631648 -0.31323251
-0.01125065 0.05301144 -0.22138600
-0.37233621 -0.37394693 0.06880347
-0.22834869 -0.16909336 0.00027464
-0.36908272 -0.18735303 0.07252552
0.39537236 0.14821741 -0.13165163
0.00257091 -0.12137876 -0.20519714
-0.00353643 0.19215490 0.36656934
-0.00390786 0.31073904 0.17593360
0.34167749 0.10102165 -0.23407117
0.25156537 0.29421604 -0.02827781
0.26375943 0.27564391 -0.02156505
0.04267222 0.22297016 0.36210793
-0.02955515 0.39160240 0.01281273
0.11845671 0.20412469 0.49757662
0.05174770 0.39123157 -0.07279465
0.15034962 0.10330671 0.08931389
0.14330469 0.24033217 -0.17569131
-0.41812837 -0.36271551 0.02358995
0.15825774 0.26663545 -0.15132052
-0.13930391 -0.41213208 -0.38489392
-0.13375019 -0.36553174 -0.43959308
0.06366768 0.19754438 -0.15572293
-0.09719193 -0.08211222 0.03713534
-0.12280011 0.15812005 -0.08350781
0.05308825 0.36586261 -0.10493334
0.21072574 0.38829353 0.03035756
0.54413420 0.02362004 -0.17463069
0.18073428 0.26979828 0.18372758
-0.18701454 -0.34714532 -0.42610592
-0.15474428 -0.06368508 -0.03743673
0.09100536 0.12926346 -0.14796820
-0.15484142 -0.22132628 -0.36501193
0.00641348 0.03423296 0.07569449
-0.09167239 0.07913327 0.08579112
-0.26304513 -0.12812135 0.11131966
-0.24611157 -0.20392032 0.11857115
-0.00092629 -0.04965239 -0.02514672
0.09917236 0.18761770 0.34415048
-0.10787207 0.20042843 -0.06920967
-0.24575600 -0.11639585 0.00303344
0.19129401 0.26553255 -0.15408057
0.25873739 0.20623258 -0.02704336
-0.04845762 0.03209577 -0.23229583
0.24857798 0.06845865 0.14123604
-0.12753567 -0.10388172 0.02206731
0.00784451 0.07533942 0.12656042
-0.30329272 -0.27069521 0.00472152
0.36346903 0.15607178 -0.25697851
-0.02711981 0.14027828 -0.14792447
0.32436529 0.21335815 0.14306089
0.23942022 0.29342097 -0.04047948
0.02049744 0.00377492 0.04677515
-0.01858306 0.08255280 0.11410777
0.29548234 0.22872502 0.03173235
0.16315557 0.09137090 0.06280661
0.12388805 0.20306027 0.37208590
0.25769919 0.21127374 0.49891436
-0.26350787 0.01476878 -0.15025285
-0.03609949 0.28505144 0.16787431
-0.01579312 -0.07513113 -0.00622710
-0.30086184 -0.26415947 0.05679781
-0.43828598 -0.28233862 -0.06517883
-0.18472449 -0.18226345 0.12147757
0.54353923 0.10749865 -0.19395201
-0.00968470 -0.06441093 -0.05249932
0.31310505 0.17865835 0.17180495
-0.16768382 -0.38863841 -0.33163413
-0.29570520 -0.12122765 0.03628382
0.23426896 0.32524002 0.15816510
0.53818214 0.06816155 -0.20180570
-0.33124194 -0.31389549 -0.04400267
-0.13765731 0.08497414 -0.11903167
-0.12076262 -0.03532320 -0.05534516
-0.43991053 -0.28080812 -0.08329926
0.35813946 0.03225308 0.16649665
0.25032714 0.20294018 -0.19243053
0.23602904 0.16636895 0.01107184
0.10471541 0.39751533 -0.06457538
0.18634671 0.20752101 0.46566740
0.12162464 0.15449385 0.18570822
0.21097645 0.13220288 0.04807568
0.07862262 0.13005307 0.19972822
0.50872552 0.05561654 -0.19650245
-0.12608802 -0.24269000 -0.23296513
-0.23724920 -0.15795755 -0.01961590
0.27219370 0.22672571 -0.11826396
0.14210348 0.40849781 -0.03445170
0.20965385 0.23751168 0.18887654
-0.43582731 -0.26911741 -0.00762284
0.05229321 0.26000631 -0.15573151
0.19551922 0.12613274 0.02486761
0.49108085 0.16104336 -0.19743825
0.20150346 0.12288955 0.10531765
-0.08631176 -0.22153202 -0.22098924
-0.11829619 -0.14729281 -0.22824058
0.25155187 0.15493102 0.04535282
-0.04094208 -0.21111840 -0.25138772
-0.23009591 -0.33546227 -0.27970511
-0.02659949 0.12918265 0.22420041
0.05857895 0.07329059 -0.09787630
0.04579338 0.33760670 0.17029741
0.00879626 -0.00633366 -0.19034389
0.35570079 0.06508562 0.14687145
-0.04564949 0.05861923 -0.19295335
0.38272196 0.08496707 -0.21214551
-0.09194077 0.14029855 0.10058924
0.01543430 -0.01534305 0.03174186
-0.09537320 -0.08813826 -0.15069231
-0.04055863 -0.21113996 -0.32627481
-0.16545127 -0.24009228 -0.22734627
0.03414313 -0.01216852 -0.16151978
-0.16536261 0.10757128 -0.01388312
-0.04348530 0.31196854 0.14550996
0.26061270 0.24140537 -0.06255933
0.02014189 -0.03178030 -0.02657584
-0.27135095 -0.34752086 -0.30890620
-0.26915479 -0.01336708 -0.13442399
-0.06003889 -0.04522749 0.06273408
0.25358427 0.14619988 -0.07532368
0.24013691 0.17754316 -0.07670799
0.02717253 0.11267733 0.18168652
0.01864378 0.13553998 -0.14183615
0.41662881 0.08533864 -0.24075849
0.06179590 0.04494736 -0.08011781
0.06404618 0.20950696 0.33639964
-0.25049275 0.00525684 -0.10230634
-0.06005369 0.22844850 0.13567320
-0.05160816 -0.22856897 -0.31090996
0.17354967 0.09139431 0.08823580
-0.12122416 0.15405534 0.04315562
0.23670252 0.33828133 -0.03313283
0.28645906 0.32417554 0.06477591
-0.28943780 -0.31050998 -0.36214650
-0.28919917 0.03666013 -0.15160431
-0.32454097 0.03652059 -0.17520733
0.00869052 -0.03381029 -0.08874527
-0.02814304 0.12945999 0.18089303
0.02323657 -0.11207000 -0.20931098
0.51732564 0.08075862 -0.21413811
-0.20675968 0.01817128 -0.04991029
-0.08856515 -0.26138699 -0.32141995
-0.08136787 -0.23701534 -0.33400369
-0.01506062 0.10452951 -0.16005859
-0.39011580 -0.30500171 -0.05810940
-0.17618369 0.08379310 -0.08603472
-0.21271476 0.00038048 -0.09240913
-0.11767551 -0.12173922 -0.28084216
0.12650344 0.31836659 -0.12980928
-0.06992073 0.21481788 0.18089807
-0.34066063 -0.28796697 -0.01042466
0.20900312 0.20140204 -0.18253030
-0.23987332 -0.32773116 -0.39070648
-0.18339445 -0.19213203 -0.26056975
-0.06654177 -0.16467570 -0.33738053
0.03687465 0.06972177 -0.12308825
-0.20569307 -0.20118776 -0.33893302
-0.17680848 0.07520118 -0.05145196
0.44431359 0.17355067 -0.23679498
0.00719428 -0.15133455 -0.28284419
0.31328395 0.17653124 -0.23898713
-0.08364368 0.12934917 -0.14887764
-0.00392597 0.08887285 0.14758441
-0.17374530 -0.14772247 -0.31957513
-0.07828025 -0.14365755 -0.24442346
-0.22230265 -0.19895893 -0.27731964
-0.05831987 -0.22492144 -0.35205618
0.24404448 0.18121427 0.20070884
-0.24935138 -0.19783904 -0.01791166
-0.02569709 0.30543160 0.17094335
-0.09484725 -0.10895603 -0.31014252
-0.39239955 -0.36000237 -0.00263065
-0.05368238 0.18659116 0.15118451
0.26207313 0.28062782 0.15606992
-0.02320300 -0.06331112 -0.06232470
0.07918020 0.05909257 0.09336633
0.13790926 0.09637412 -0.09829082
0.27152187 0.19100668 -0.22193027
0.54596299 0.10436699 -0.15611532
0.31970534 0.09232494 -0.17191187
0.33167440 0.09208292 0.16240934
0.29069912 0.04309380 0.11510002
-0.10986443 -0.13976124 -0.21830887
0.11460309 0.11920355 0.40477303
0.27321631 0.29181913 0.01734425
-0.16382016 -0.14600383 0.13913594
-0.06454548 0.29865739 -0.07129831
-0.25702140 -0.07374146 0.07462504
0.54937267 0.07367416 -0.15499277
-0.17359152 0.07868027 0.00061610
0.27964070 0.03890934 0.13222942
0.14629278 0.43129638 0.03222409
0.29786313 0.03652701 0.16750464
0.12638570 0.25649318 -0.15909053
0.17849390 0.33960983 -0.10734977
0.09069578 0.12234738 0.36426219
-0.07981522 -0.06653944 0.06883146
-0.30651078 -0.28465128 0.02365007
-0.12792198 -0.09485345 -0.26035154
-0.14505376 -0.08033120 0.13673216
-0.07640651 0.20146240 0.11792094
0.11844001 0.36826769 -0.10172445
-0.01101112 0.32836452 -0.12861840
-0.12510890 0.16727895 -0.05906945
0.04597718 0.16693795 0.47169286
0.27285132 0.36549896 0.07169650
0.17397091 0.13989896 0.13435197
-0.21050312 -0.09122533 -0.00256905
-0.22445960 -0.07776039 0.13223128
0.45887414 0.28776005 0.06057397
0.00638016 -0.09908466 -0.28599715
0.45498845 0.07533097 -0.21024451
-0.07223869 0.14824902 -0.13368654
0.53672367 0.17600338 -0.17442955
-0.08095764 0.06689694 -0.19081017
0.16527990 0.17245974 0.16461846
0.01020004 -0.16668805 -0.26696295
0.10760042 0.43718967 0.01515462
0.04573946 0.42787799 0.07908417
-0.02564114 0.39015761 -0.00390908
-0.03979707 0.09312399 0.11139107
-0.13173211 -0.38166165 -0.42685157
0.17819956 0.29448661 0.19043373
-0.14115301 -0.35377645 -0.33867952
-0.30592021 -0.29261982 -0.31574777
-0.24013919 -0.26650825 -0.35622126
-0.33565673 -0.31204218 -0.00536622
-0.13695870 -0.04442210 -0.21059988
0.35543719 0.07114068 -0.20145139
0.09557802 0.14672123 -0.13921618
0.41303867 0.12729837 -0.26351434
0.00819150 -0.08256113 -0.15134653
-0.07273047 0.25295517 -0.08542172
0.35341880 0.24075048 0.05774090
0.32852837 0.07941958 0.10474092
0.26377624 0.28622192 -0.01761243
-0.14487441 0.03158638 -0.12932546
-0.11742141 0.07744377 -0.16085453
-0.21821433 -0.24582967 -0.36257386
-0.00683981 0.18940619 0.38768169
-0.32164556 -0.16936299 -0.02485741
0.30784354 0.16910034 0.18556450
-0.20267369 -0.30905855 -0.28708175
-0.40897247 -0.34075263 0.07928190
-0.31531084 -0.29575977 0.01090826
0.34362048 0.20970868 0.11426464
0.06455296 0.07092679 0.14801852
-0.35563719 -0.37660488 0.03383848
-0.26902309 -0.24515668 0.02760390
-0.15739943 -0.15866192 0.06949419
-0.17727630 -0.14985390 0.03793680
-0.12235347 -0.25943580 -0.34833860
-0.29098201 -0.29564986 -0.30014509
-0.20409894 0.01423643 0.09655347
0.01138510 0.21047468 0.30713236
0.02315271 0.24197155 -0.14944309
0.20281120 0.11669265 -0.08318748
0.19586249 0.30166584 -0.10651794
-0.00850241 0.14152922 0.36737475
0.54901063 0.07335319 -0.19258362
-0.13429751 -0.37857103 -0.36087394
-0.25545892 -0.27657592 -0.29673719
0.14209396 0.22669303 0.42717910
-0.11064509 0.24335098 0.04729603
0.40780723 0.17106581 -0.12242076
0.13839105 0.08989591 -0.09332708
0.25394040 0.27089679 -0.06005194
-0.11458620 -0.21994093 -0.34822178
-0.23235282 -0.16357760 0.13229759
-0.02981977 0.24225484 0.23628327
0.34342867 0.14811298 0.10196158
0.33150500 0.15777776 -0.12661418
-0.14558034 -0.28278333 -0.29012406
0.09724797 0.17419596 0.33460745
-0.13653067 -0.00693072 -0.12500532
0.30384436 0.26290619 0.14409268
0.30105981 0.21244772 0.03591027
0.57037723 0.04413375 -0.13846077
-0.22271252 -0.31094322 -0.30054986
-0.10807981 0.27968889 -0.00480810
0.19361213 0.32953665 -0.08918139
-0.36822870 0.03344279 -0.20506158
0.25484192 0.21285161 -0.03927532
-0.06369023 0.18289068 0.23787120
0.32987097 0.02719569 0.12466974
-0.20027864 -0.05824565 0.10235173
-0.07418521 -0.24175967 -0.30745178
0.49808377 0.12656635 -0.21078508
-0.05390158 0.21548274 -0.11337720
0.32171369 0.10961713 0.07802931
0.29921719 0.29720688 0.11196536
0.07745434 0.22366102 0.29016730
-0.20874704 0.03172477 -0.06844834
0.10632557 0.04146498 0.00390717
0.26602218 0.16616674 -0.23321335
-0.06217469 -0.14532211 -0.19767873
-0.11155384 0.03498083 -0.19484664
-0.08380460 0.06648061 0.09014747
0.38805926 0.12032059 -0.14702781
0.26544669 0.19939889 0.19734603
0.23880576 0.12851585 -0.17395531
0.23710568 0.24099608 -0.16947648
-0.10770055 0.24845427 0.00167429
0.27581710 0.20767187 -0.00038059
-0.07319736 0.18846968 -0.10966726
-0.02585931 -0.21272275 -0.28127122
0.07669761 0.09284005 0.36096448
-0.26361892 -0.12918967 0.05577716
-0.12546800 0.19928797 -0.02824436
-0.41040245 -0.26828897 -0.09424476
-0.01026108 0.12012523 0.14419414
0.29935586 0.24622673 0.04597569
-0.23344828 -0.14564802 0.03083733
0.17259182 0.13633211 -0.16978517
0.22884619 0.16537927 0.19207850
0.12652792 0.28645357 0.19611959
-0.05259953 0.18940026 0.23249014
0.05321625 0.12748645 0.21845023
-0.13196142 -0.39881691 -0.37691575
-0.36835131 -0.40053898 0.08858376
-0.42486817 -0.25362930 -0.02081019
0.36111224 0.05250112 0.16791669
0.32821372 0.20425311 0.06714659
0.11253100 0.17833856 0.49930051
0.21664535 0.26622042 0.17626850
0.31134081 0.29848209 0.29241395
0.39848694 0.26493391 0.10392968
-0.03188610 -0.04889594 -0.09564238
-0.15598358 0.13437098 0.00494467
0.32321113 0.18918337 0.16454336
0.28464910 0.28446704 0.17644353
0.02462616 -0.06826477 -0.25533119
-0.04365664 0.25931498 0.15754463
0.02401916 0.25602150 0.24086113
0.00643747 -0.14484358 -0.23776053
-0.26121670 -0.33310416 -0.33127716
-0.01045413 -0.04181271 -0.27953592
0.04561410 0.20727955 0.40934631
-0.33852005 -0.37712467 0.02465261
-0.29507473 0.00170908 -0.15214419
-0.11417346 -0.42602050 -0.35453597
-0.36299598 -0.33333364 0.05283361
0.30145222 0.20360957 -0.13489619
0.33344311 0.23642294 0.12542981
-0.20074750 0.00269780 -0.09847747
0.54999530 0.15908568 -0.11003477
-0.15172985 -0.32844263 -0.42216748
-0.30267426 -0.42984799 0.05396483
-0.12482973 -0.27940354 -0.33151910
0.39003477 0.26879334 0.05352245
0.33749592 0.17739767 -0.25535846
-0.14073181 -0.29566875 -0.32749075
-0.15654109 -0.26715645 -0.37051243
0.27134526 0.03666392 0.13941088
0.11364511 0.31335559 0.18632539
0.16357875 0.41861337 0.04300398
-0.01123281 0.26815441 -0.14004980
-0.17220069 -0.30216408 -0.38522765
0.36735821 0.15492456 -0.11790942
0.09505565 0.23305783 0.40535584
0.28422198 0.04280497 0.16765308
0.42300969 0.25342828 0.09546655
0.34341994 0.08331596 0.16164249
0.31015006 0.02729135 0.16427547
-0.10290942 -0.05097891 -0.05239785
0.29100233 0.24907842 0.04587379
0.00276714 -0.05444897 -0.27244768
0.33680695 0.08649860 -0.19246313
0.23675139 0.34515420 0.13266769
0.28077468 0.28025568 0.06874388
-0.12930566 -0.06618828 -0.20476848
-0.39914244 -0.36379606 0.06723100
0.22877252 0.22730851 -0.21336877
-0.22815298 -0.12202708 0.13911894
-0.21758530 -0.08184655 -0.00266660
0.26875767 0.31426984 0.13553680
-0.18898579 0.05476797 0.01941690
0.12620047 0.27389753 -0.15672499
-0.39489859 -0.35943896 0.08719283
-0.12132344 0.01485669 -0.22324672
-0.24483757 -0.22189885 0.01634798
0.42760620 0.28502303 0.05745807
-0.00850927 0.18474808 0.33755943
0.00839303 0.01404834 -0.21985869
-0.11713187 -0.04936770 -0.24425359
0.56132019 0.04078776 -0.17029683
-0.15318272 0.05287138 -0.12434900
0.55750185 0.09769405 -0.13244098
-0.26266125 -0.08400598 0.05629810
0.30839330 0.22649385 0.05668574
0.31959787 0.23434842 0.16747905
0.08438719 0.15852226 0.48561120
0.58278733 0.05209947 -0.14391027
0.09576172 0.21204564 0.36145037
0.21513163 0.28690809 -0.09609920
-0.08169748 -0.09843860 -0.27832195
0.02344519 -0.13203213 -0.28791392
0.06950188 0.08656525 -0.11085446
0.19313440 0.24570334 0.45535937
0.29904246 0.20102380 0.03085689
0.52970648 0.03862928 -0.17920303
-0.16983616 -0.07512825 -0.01150740
0.33895093 0.17893453 0.12377074
-0.38171604 -0.26024273 -0.07347269
0.24440481 0.36109757 0.08736473
-0.04193035 0.28993732 -0.10499383
-0.05973047 -0.11067722 -0.30412310
0.25328165 0.22194301 -0.18669215
0.20751125 0.11885411 0.09224664
-0.15317224 -0.13504098 -0.33271715
0.30707115 0.23490101 0.21169727
-0.34662265 -0.27860197 -0.04852636
-0.15538247 0.10625993 -0.00118496
-0.16407889 0.07369266 0.03411352
0.04092411 0.09476702 0.35809734
0.09914647 0.05559199 -0.06190833
-0.12079639 0.19299647 0.06602537
-0.10898205 -0.06812711 -0.13663192
0.02505819 0.28857094 0.21511933
0.09369510 0.12267049 0.46891531
0.02178920 0.11174366 -0.13682756
-0.24147569 -0.05229042 0.01514359
-0.11396561 -0.40939918 -0.36836061
-0.31494415 -0.25920880 -0.01840077
0.37147689 0.24120048 0.10580663
-0.36485749 0.04751835 -0.20055795
-0.35152802 -0.29227808 0.02244892
0.34050837 0.24271247 0.07371463
0.09528843 0.10303754 0.39027256
0.15211736 0.15388478 0.13819227
-0.04030634 0.16577259 0.30069113
-0.34688368 -0.21885620 0.07370078
0.45260713 0.28352112 0.07395889
-0.22472300 -0.11828572 -0.00173760
-0.11630465 -0.11995568 -0.20704150
-0.09330821 0.29016227 -0.02855259
0.32571587 0.19078764 -0.14024670
-0.29546607 -0.19924571 0.11723007
0.32945386 0.29554561 0.30731237
-0.09290575 -0.40605134 -0.40958264
0.19739605 0.19768012 0.19495068
-0.10449751 -0.26736102 -0.28324059
-0.00067936 -0.16978154 -0.28903130
0.28004244 0.27678162 0.26581803
0.24094215 0.30478859 0.16253372
0.34886044 0.02699058 0.19658287
-0.44408935 -0.30388659 -0.03430777
0.34228042 0.03546447 0.18628082
0.32862020 0.29150459 0.28138360
-0.37608692 -0.28633493 0.03769054
-0.34428573 -0.39314920 0.03980693
0.27759987 0.05907440 0.17232166
0.26284087 0.04971026 0.15502630
0.58270454 0.10047027 -0.11208776
0.31648871 0.20771264 -0.18130592
-0.15029642 -0.38324487 -0.38426048
0.35864198 0.22283250 0.09653052
0.55024868 0.16684856 -0.16123791
0.20040500 0.31701693 -0.08538316
-0.07198539 -0.17029257 -0.34736621
0.32028237 0.22776139 0.24306247
0.44764262 0.07987097 -0.18088111
0.37148815 0.02761164 0.16276421
-0.31601995 -0.39389607 0.05274843
0.28712744 0.13925526 0.18965031
-0.02349729 -0.04822414 0.00162080
0.10141914 0.20034252 0.34201565
0.26228929 0.23125711 0.21567570
0.33184606 0.13829930 0.11008463
0.11999101 0.26988855 0.21429263
0.19990793 0.38308045 0.08728189
0.31292289 0.13501479 0.18855524
-0.15416154 -0.36430830 -0.42012909
0.07027602 0.19066373 0.33264527
-0.11777627 0.17589989 -0.07577009
-0.11540145 -0.26744464 -0.31038395
-0.17371875 -0.36567375 -0.30754775
-0.28108734 -0.25936213 0.06097363
-0.41103500 -0.30502170 0.05222622
-0.01183862 0.09354301 0.13032983
-0.17398416 -0.29538962 -0.29001638
-0.23824278 -0.10200873 0.01459703
0.45813510 0.14664759 -0.22505587
0.53236771 0.16179028 -0.11749537
0.00907612 0.11612863 0.37435564
0.14757343 0.30712086 0.18438211
-0.31294888 -0.39527881 0.04466802
0.13504766 0.12402158 0.43715069
-0.12051225 -0.36898735 -0.39013079
0.16238253 0.11078992 0.50142854
0.28054854 0.24078487 0.01688462
0.21589598 0.10787188 0.13416286
-0.18019842 -0.27999270 -0.37007904
0.21097474 0.18711156 0.50060135
0.22643697 0.38003984 0.06023994
0.19780344 0.33648077 0.16781273
-0.40186548 -0.21266411 -0.03343814
0.23812997 0.15068376 -0.05256221
0.21324766 0.20428297 0.51162666
0.03022129 -0.01084055 0.03971668
-0.25523448 -0.22944309 0.08052608
0.30824056 0.13095017 -0.12431724
0.05547744 0.10648195 0.42285401
0.02664227 0.39972886 0.12548219
0.48901489 0.07190028 -0.22690369
-0.19068433 -0.02683354 0.08827557
0.19156729 0.15967102 0.52507746
-0.07714675 -0.21878162 -0.23048642
0.28382108 0.31569746 0.10214972
-0.12638769 -0.36768427 -0.34008878
0.20145935 0.21310878 0.50079650
0.11033653 0.17156830 0.20506161
-0.22073250 0.02030112 0.06273985
-0.14301254 -0.32558188 -0.40153995
0.22674471 0.30875695 -0.03080644
0.30191037 0.12507808 0.07952148
-0.39904302 -0.27701172 0.02059446
-0.00214949 0.13312249 0.37835312
0.02927059 -0.05394933 -0.21823080
0.12310058 0.24985361 0.19688180
0.28029025 0.21230087 0.01452899
-0.11422518 -0.40868571 -0.38052422
0.57185310 0.12712619 -0.16439718
-0.04559673 -0.02316507 -0.29449835
0.02289644 0.14900365 -0.12436004
0.23520315 0.33233818 0.00594134
0.27782369 0.29183230 0.04325803
-0.18236759 0.04709394 -0.10148347
-0.23601405 -0.21772963 -0.01209168
-0.06319632 -0.06057006 -0.04521907
0.28496405 0.21421516 -0.14972427
0.07504673 0.23158109 0.42986932
0.28437468 0.20448163 0.48964664
-0.09030623 0.21393177 0.09437511
0.13268490 0.18819638 0.50906593
0.09815983 0.14971414 0.18604808
-0.19096079 -0.25804946 -0.25068983
0.03160218 0.22753344 0.33650559
0.25824663 0.16499443 -0.03367097
0.14385225 0.20776206 0.41138422
-0.26075548 -0.06332877 0.05032957
-0.23178636 -0.17623554 0.15542813
0.24702969 0.28485706 -0.06189033
0.28920925 0.27482879 0.06516838
-0.00645739 -0.18946463 -0.28422642
0.28190705 0.17283511 0.19623543
0.23603174 0.24458155 -0.09725945
0.39221564 0.12159244 -0.26353759
-0.20576510 -0.19267330 0.02914872
-0.14209835 -0.36070922 -0.32062462
-0.31709093 0.04843240 -0.14707898
0.23355660 0.33984604 0.13563859
-0.18630545 -0.07089705 0.16855563
0.16851053 0.26194769 0.44155642
-0.23746011 -0.30770221 -0.37018433
-0.12921384 0.18085024 -0.02097589
0.17189617 0.24985978 -0.14369899
0.06349742 0.00409799 -0.03199068
-0.11038521 0.22092131 -0.00136371
-0.12188730 -0.07506878 -0.01036516
-0.02701979 -0.05944442 -0.11193477
0.00932358 0.30830684 -0.13525559
-0.19855952 -0.34293592 -0.38879636
-0.25745973 -0.10047507 0.11427176
0.16225131 0.17968757 -0.19053173
0.08921427 0.21695191 0.23300268
-0.00996883 0.18196164 -0.12022153
0.32092556 0.08806757 -0.21926151
0.21554211 0.14492761 -0.18729101
-0.35629469 -0.24612117 -0.06014681
-0.15493937 -0.14876780 -0.26293871
-0.03919952 0.21093030 0.20218720
-0.07429769 -0.02733425 -0.26744196
-0.23348396 -0.00278792 -0.12941252
-0.04811065 0.05760517 -0.22218905
0.04031038 0.10446717 0.16018355
0.10259233 0.13628182 0.39889041
0.14452672 0.13050346 0.47113723
0.12026124 0.13912728 0.15685672
-0.21712165 -0.28063151 -0.27453640
-0.08320890 0.22665726 -0.04464358
0.03787400 0.10774513 0.34096158
-0.17539814 -0.32766101 -0.43064561
0.01475292 0.22417185 0.28917086
0.28193060 0.17946848 -0.10735432
-0.02199613 -0.01682720 -0.26091027
0.14214280 0.17531458 0.16141734
-0.03314046 0.15913567 -0.13458733
-0.23919035 -0.26658735 -0.32108518
0.13713393 0.18792132 -0.17223702
-0.13889666 0.06017363 -0.12784004
0.00562427 0.04288682 0.10331857
-0.28263319 0.03492979 -0.17911762
0.20136307 0.12559204 -0.08941052
0.51902586 0.15910959 -0.18379968
-0.26665518 -0.18300216 -0.01590508
0.20386301 0.11809788 -0.05548611
-0.05350397 0.04702173 0.10166903
-0.00310182 0.25639027 0.23620333
0.02234379 0.04297139 -0.13535008
0.08180106 0.15961994 0.31002986
0.54526925 0.14241157 -0.19683729
0.55540204 -0.00153394 -0.15574263
-0.35870695 -0.26720297 0.04191025
0.08272244 0.13378179 0.23624365
-0.22247200 0.02795949 -0.12098800
-0.03001444 -0.18749726 -0.32767794
0.30296978 0.06132331 0.18871203
0.02060542 -0.11493586 -0.22847296
0.21713310 0.25176451 0.18772368
0.44696057 0.09567080 -0.16579410
0.01455733 -0.13949776 -0.22580597
0.11631992 0.23198391 0.36548346
0.50372052 0.03258877 -0.20941231
0.18104887 0.22601408 0.50946176
0.14297308 0.06431050 -0.06318200
0.08425452 0.20279652 -0.15941840
-0.17775643 -0.03495849 0.13305321
-0.17025790 -0.17686732 0.09493265
0.21672811 0.12051043 -0.16048868
0.51818687 0.05582393 -0.21528548
0.07695071 0.17238231 0.24632230
0.20416336 0.13837765 0.13774930
0.14299253 0.24363837 0.47012526
-0.22117065 -0.22209388 -0.33355716
0.29567426 0.13036868 -0.23666474
-0.06418902 -0.21317430 -0.34393239
-0.31223080 -0.17197432 0.09197289
0.09144777 0.14905383 0.33014098
0.38703007 0.21351723 -0.14860092
-0.09429795 -0.26299706 -0.26157102
-0.19725735 -0.37287515 -0.32785335
0.24956082 0.17477392 0.50744563
-0.04044048 -0.06544055 -0.01509866
0.35250843 0.15269002 -0.12683399
0.15966888 0.34632474 0.16067429
-0.35010973 -0.35682586 0.06220827
-0.37028605 -0.15595919 0.02939546
0.32519451 0.03128994 0.18311587
-0.03160498 -0.09518620 -0.29184526
-0.12695843 -0.16768256 -0.22801806
-0.06332161 0.00508562 0.09682047
0.08678043 0.20874584 0.46668690
0.09824025 0.14617988 0.38134885
0.14118819 0.16640474 0.41630843
0.19355674 0.18583797 -0.18390159
0.11552367 0.27683422 -0.15440689
0.19142120 0.40719503 0.00464720
-0.06996879 0.37757680 0.01028535
-0.08038197 0.33246127 0.03514894
0.37500963 0.28416029 0.10329668
0.22223800 0.11207733 -0.12039078
-0.25539470 -0.23952167 0.08658882
-0.12327079 -0.21451630 -0.37025690
0.34743786 0.12754744 -0.12410601
-0.25995708 -0.25235310 0.06523806
-0.12306354 -0.34914884 -0.39324585
-0.16619198 0.07900254 -0.02689153
-0.17564718 0.05618235 -0.07170758
-0.28761086 -0.31330189 -0.30976051
-0.12415751 -0.13878462 -0.30818984
-0.00497841 0.02291151 -0.23482610
-0.06372853 -0.21715155 -0.24944985
-0.02963155 0.02179685 -0.25570714
0.43917745 0.13582416 -0.24852775
0.04455063 -0.03734465 -0.20189151
-0.14074120 -0.06363271 0.00323657
0.12146151 0.39674222 0.13529977
-0.27822256 -0.22810614 -0.03399346
-0.10448527 0.05915426 0.08567572
-0.09228946 0.28024492 0.10952583
0.53474623 0.10503498 -0.20739730
0.33982089 0.16141444 0.09793165
0.04938028 0.21316116 0.28161740
-0.09224468 -0.43527639 -0.36932358
0.49706453 0.17040221 -0.15574245
0.12899172 0.14662330 0.06786134
0.26251927 0.24560449 -0.01916870
0.31183437 0.10638081 -0.14288805
-0.23975381 -0.22398432 -0.30833000
0.34401453 0.09757672 -0.13645636
-0.07571837 -0.24410993 -0.28296950
0.26207978 0.34406283 0.04806453
0.15340115 0.26475292 0.50038838
0.38539088 0.20033251 -0.16045792
0.03434176 -0.01785105 -0.12837595
0.05436192 0.11758359 0.45264998
0.30852655 0.28526902 0.19936407
-0.17960104 0.00040387 0.13744277
-0.10928138 0.14888975 0.07063904
-0.09951063 -0.09110057 0.01394242
-0.21078247 0.04831664 -0.11283471
0.02409952 -0.04823064 0.01424620
