1.13399303
1.02152908
0.92364120
0.69471014
0.76625556
1.08372498
1.13891220
0.83567590
0.41662979
0.68590480
0.61796993
0.74484700
0.24888316
0.67457670
0.61132115
1.01912057
0.52993751
0.43015599
0.50798726
0.72556269
0.37689832
0.78316426
0.69762319
0.66457582
0.50016516
0.59922147
0.13447064
0.61777276
0.51948476
0.69954520
0.87689519
0.46411958
0.53339773
0.90965366
0.17993179
0.27037415
0.38436404
0.47614554
0.47614631
0.28155664
0.42503259
0.59774458
0.58197147
0.66027176
0.48585048
0.76811385
0.31362000
0.52927279
0.25390154
0.54722810
0.48326322
0.86845905
0.23336610
0.55741584
0.21761523
0.40160763
0.45815247
0.27664098
1.00017571
0.48611856
0.22568350
0.92801380
0.22802405
0.42393208
0.48567888
0.35469490
0.19617879
0.57474011
0.60250396
0.46214527
0.34938642
0.68648875
0.36305255
0.84327954
0.18815811
0.40736666
0.51610810
0.32001537
0.20943081
0.71001697
0.73783284
0.47668499
0.43818301
0.35327172
0.71593988
0.26067373
0.48322353
0.38777688
0.46328253
0.20352978
0.47675386
0.54966795
0.15668945
0.20475958
0.24215803
0.17289333
0.55300361
0.81990308
0.65100765
0.22082967
0.21925721
0.38163519
0.46999708
0.14776471
0.36401817
0.16885345
0.31820601
0.92589968
0.50599170
0.21390305
0.57794988
0.30769387
0.20961659
0.22147521
0.49026489
0.23457319
0.22460288
0.19402696
0.31047413
0.32612363
0.30311829
0.19254400
0.39842942
-0.33713970
-0.36650947
-0.40159580
-0.50862491
0.48931199
-0.49942088
-0.24074872
0.29650468
0.31809217
0.43015227
-0.28926128
-0.29059872
0.27609760
0.36608401
-0.28635231
0.26687348
0.63559705
-0.22363186
0.45111108
0.21079981
-0.45963725
-0.24338570
0.21604662
0.19375837
0.15042233
0.34054911
0.35057789
-0.19499567
0.20352098
0.27780241
0.26503840
0.29590413
-0.34609911
-0.12385445
0.23947334
0.20528334
0.51753175
0.39031136
0.16920535
-0.22341953
-0.23859966
0.24022356
0.44926864
0.18849522
0.26421833
0.20608860
0.18670651
-0.27948746
-0.21535631
-0.21885139
-0.15824422
0.21385887
0.21978781
0.20508905
0.22596379
0.28003719
0.56662011
-0.21256216
0.33013374
-0.16213824
0.29852816
-0.20454273
0.23373781
-0.22598200
0.17919773
-0.22247751
0.17795728
0.35245714
-0.17944664
0.32746637
0.20786425
0.31598976
0.21038055
0.19005753
0.26255652
0.20949924
0.52291471
0.17882563
0.15292132
-0.13319185
-0.39838377
-0.37224567
-0.26170143
0.13683359
0.25443482
0.28643984
-0.21583933
-0.23328109
0.28842661
0.27650818
0.17941903
0.21900518
0.26407808
0.18803723
0.34823751
-0.20574470
0.26722622
0.46880841
0.38019845
-0.18699223
0.19672692
0.23800483
0.21859525
0.29671472
0.19400872
0.24444950
-0.27744129
-0.16587393
0.26013732
0.19894910
0.24656989
0.23649855
0.25372714
0.26841554
0.24358566
0.20628113
0.20286384
0.20471656
0.15142542
0.24413605
-0.21318112
-0.23928016
0.35858488
0.31207371
-0.24908590
0.12227989
0.33566612
0.20524520
0.40082321
0.43525621
0.19519143
0.22954398
0.29682213
0.23741421
0.36908042
0.24278294
0.23871070
0.46729887
0.33898440
0.13206777
0.37802640
0.34010127
0.23045278
0.27343899
0.22166158
-0.16011089
-0.19081758
0.15721880
0.29080477
0.21616419
0.26601499
-0.18081695
-0.27858105
0.19353555
0.24185681
0.33997411
-0.20695342
0.27172258
-0.20416646
-0.19604264
0.21152058
0.42836672
0.32288262
0.13788132
-0.16610813
-0.21069199
-0.27453503
-0.26263437
0.22997354
0.24511491
0.22739264
0.20862997
0.40189272
0.17754185
0.18182597
-0.28480121
-0.20841311
0.20853935
-0.23360907
0.16768789
0.12214755
-0.16968496
0.14219835
0.43611765
0.34880766
0.24609825
0.34177226
0.20725945
0.25244901
0.26683399
0.49480769
0.24151625
-0.23887427
0.38040981
0.30499476
-0.23005921
0.24456139
0.25452876
-0.45104411
-0.20833611
-0.22095048
-0.17947648
-0.26621699
-0.15850091
-0.21830003
-0.35151109
-0.27095777
-0.24840061
-0.41103268
-0.28441215
-0.18982504
-0.35142267
-0.25126022
-0.26997972
-0.21965565
-0.17911886
-0.21957126
-0.27931353
-0.15135418
-0.24576187
-0.21358208
-0.13758402
-0.19369934
-0.37900662
-0.16844460
-0.20057805
-0.18243438
-0.10518131
-0.19202106
-0.18378673
-0.23176713
-0.13847345
-0.21063696
-0.17720529
-0.21442990
-0.21493183
-0.21608433
-0.17263339
-0.31640372
-0.19952667
-0.14093228
-0.22782412
-0.16045080
-0.26650777
-0.17463975
-0.20679145
-0.14272538
-0.16308664
-0.14184058
-0.18879336
-0.16809648
-0.18010777
-0.20507133
-0.23068759
-0.18574275
-0.19452527
-0.16137399
-0.20725977
-0.22300844
-0.25884315
0.15668073
-0.23021621
-0.16805898
-0.17473538
-0.12716296
-0.20458999
-0.22071059
-0.16574204
-0.20755969
-0.19455731
-0.17036611
-0.11974041
-0.21338880
-0.18784393
-0.17914090
-0.18135668
-0.21908395
-0.21398149
-0.19946705
-0.18496294
-0.16347021
-0.18001103
-0.17718305
-0.18592042
-0.20784594
-0.18996477
-0.21299948
-0.18391174
-0.21566887
-0.19582479
-0.22977488
-0.18265465
-0.23849481
-0.15302782
-0.20929816
-0.19660093
-0.21757564
-0.19181819
-0.17732008
-0.24964581
-0.13349582
-0.17391862
-0.24852437
-0.16240674
-0.20289201
0.19275302
-0.25703219
-0.12477700
-0.19362016
-0.17544350
-0.22082061
-0.23213468
-0.17451286
-0.18234095
-0.21194024
0.25849524
-0.12981044
-0.29503736
-0.14620772
-0.14674930
-0.22878830
0.24603075
-0.17023568
-0.26922196
-0.12597753
-0.15330984
-0.16437264
-0.12684703
-0.18518347
-0.19434686
-0.13386038
-0.26580355
-0.20591493
-0.20197172
-0.21930036
-0.18683323
-0.15849724
-0.20197392
-0.20316160
-0.22235525
-0.15648861
-0.20845130
-0.18786730
-0.17781486
-0.12924948
-0.17673148
-0.27665102
-0.18403362
-0.15060653
-0.22458179
-0.22842710
-0.27417833
-0.15134209
0.19128017
-0.15137367
-0.17282441
-0.17324969
-0.19370122
-0.15715092
-0.15291604
-0.21836579
-0.14485958
-0.23032215
-0.17300282
-0.23556843
-0.15335035
-0.24853493
-0.21001668
-0.19369037
0.28561625
-0.19357890
-0.23239510
-0.20409282
-0.23227446
-0.23032200
-0.20528604
-0.16908585
-0.21237904
-0.14472364
-0.14857922
-0.20446061
-0.22009355
-0.16402413
-0.16384694
-0.18873425
-0.17496063
-0.21522838
-0.22174555
-0.15788887
-0.20688285
0.25244689
-0.21077311
-0.19073910
-0.21277635
-0.26258072
-0.14987506
-0.11051770
-0.26900741
-0.17198043
-0.20205693
-0.22462288
-0.25109401
-0.13517967
-0.19841234
0.21376762
-0.18349212
-0.21650669
-0.12833275
-0.17600526
-0.20978667
-0.16555560
-0.16917349
-0.24379966
-0.20270444
-0.11538737
-0.13071749
-0.22052550
-0.16608278
0.19031668
-0.21146581
-0.17198813
-0.25853896
-0.14874481
-0.21781558
-0.20926465
-0.26770374
-0.18241303
-0.31561959
-0.20492807
-0.19585207
0.18001819
0.29333502
-0.14890397
-0.16158779
-0.14589833
-0.22475885
-0.16581163
-0.17166768
-0.20161103
0.22419594
-0.17257497
-0.15445611
-0.18291309
-0.22453485
-0.19897540
0.24294527
-0.18966784
-0.14140557
-0.22796018
-0.18670884
-0.16909614
-0.19904348
-0.16426377
-0.22281978
-0.11284005
-0.21239637
-0.26696590
-0.24535318
-0.15635200
-0.19392006
-0.14954156
-0.20330633
-0.21153380
-0.14798574
-0.19064787
0.37441435
0.17251848
-0.12457681
-0.20774931
-0.20698409
-0.19465493
-0.13094430
-0.25994846
0.17267613
-0.17949210
-0.18999901
0.15400946
-0.18489586
-0.22602530
-0.29031214
-0.16588737
-0.13868909
-0.18667251
-0.23575658
-0.21813516
-0.28921425
0.19417061
-0.20939979
0.21074909
-0.21245645
0.21018147
-0.17652649
-0.15624076
0.16474311
-0.19656479
0.41478884
-0.19515318
-0.15899128
-0.18437573
-0.19103156
-0.15068126
-0.20749624
0.21201417
-0.13252419
0.23031110
0.19852015
-0.12166769
-0.21228357
-0.19094276
-0.16560481
-0.15028855
-0.26201779
-0.17090644
0.30953169
-0.18145330
-0.32115895
-0.16292566
-0.13652381
-0.15182522
-0.12388647
-0.21917625
-0.25626007
0.15097080
-0.21608981
-0.15586659
0.21425772
-0.20013976
-0.24673732
-0.23960240
-0.13561749
-0.14856900
0.21577980
0.21414538
-0.18185177
-0.25536054
0.29403397
-0.19919187
-0.24704906
-0.23336180
-0.19988386
0.19590251
-0.17396830
-0.22896545
0.18303677
0.20841278
-0.23083690
-0.14950594
0.18872903
-0.20555310
-0.23732817
-0.27906269
0.22301057
-0.20137343
0.37441269
-0.19823636
-0.16872083
0.19305672
0.29270095
-0.21550092
-0.17284505
-0.30500561
0.27602717
-0.14274414
0.32172099
-0.16094588
0.12779747
0.15031932
0.12198255
-0.23968728
-0.28108421
-0.13207269
0.12693149
0.22015902
-0.20271078
-0.14418176
-0.13825275
0.15873225
0.17972140
0.23311047
-0.19129354
-0.19872810
0.21241830
-0.21721321
0.22460502
0.20732382
0.24227385
-0.20588982
-0.21356755
-0.24090570
0.20956905
0.21523109
-0.15248710
0.16361646
-0.20791522
0.21453294
-0.20845316
0.41891968
-0.19720148
-0.17551100
0.12123151
-0.16691050
0.11935981
-0.21351711
0.24174894
0.27830425
-0.15455474
-0.22860086
-0.18144463
-0.14898187
-0.12755547
0.19119738
0.26990539
-0.20948325
-0.25839144
0.19325900
-0.15710993
0.30356950
0.22486721
0.20318554
0.25467244
-0.20138517
0.17163479
-0.24033056
0.52431059
-0.17373101
0.30966198
0.17501454
0.18454231
0.18017954
-0.15240416
-0.15781626
-0.20966385
-0.18092006
0.25460738
0.14024541
-0.22795321
-0.19416896
0.19070080
0.13538003
0.18712455
-0.20204091
0.14596389
0.19759177
0.23542131
0.19220050
-0.17000374
0.16811463
0.17517282
-0.16839756
0.15856789
-0.19203186
0.13390920
-0.19372782
-0.18479437
0.20979838
0.21942851
0.28028750
0.29155317
-0.18652903
0.28112665
0.47340062
0.22021607
-0.14968555
-0.19767988
0.22680360
0.15555979
-0.16104674
-0.13262630
0.30620524
-0.18901856
0.14518800
0.39989242
-0.15732840
0.20623977
0.28843921
-0.21179262
0.23773447
-0.24375392
0.43545157
-0.21326339
0.19080116
-0.21382061
-0.20655340
-0.22916742
-0.20602545
-0.13906750
0.18393086
0.16421266
-0.19965751
0.19917095
0.20848353
0.20381895
-0.21863860
0.16827404
0.20885521
-0.20313165
-0.11193766
-0.18212150
-0.18888417
0.15836053
0.13182719
0.19760573
-0.23978327
-0.16732398
0.16580813
0.23665293
-0.18298377
-0.20989837
-0.19494599
-0.20160596
0.21255831
-0.20542869
-0.26676333
-0.14519803
-0.18460517
0.14377512
-0.22432774
-0.21469551
-0.17074846
-0.22770096
0.16700019
-0.15041386
0.19361889
-0.19056405
-0.26183259
-0.20979090
-0.18971296
0.24076237
-0.13269429
-0.12492155
-0.16086064
-0.23147070
0.21509069
0.17982617
-0.21964139
-0.19110988
-0.13766730
-0.18742549
0.18189731
-0.18594557
-0.13471988
0.24138837
0.24002381
0.25640199
-0.19513257
0.19846776
-0.19946456
0.19853024
-0.28727341
0.17183991
-0.15445325
0.23870936
-0.22617021
0.14822698
-0.24845378
-0.13829598
-0.17482844
0.23998934
0.19507159
-0.20063397
0.25102893
0.20351660
-0.20591316
0.21750055
-0.19869612
-0.22063041
-0.18074228
-0.21244381
-0.21568346
-0.22984757
0.24842571
-0.18928903
0.16605100
-0.18894164
-0.18722516
-0.19965205
0.29114604
-0.15991630
0.28461370
-0.19761276
-0.16688390
0.18246020
0.15915354
0.20691884
-0.16627698
0.19361062
-0.21350689
0.20640579
-0.19611852
-0.14968520
-0.15434328
-0.16040903
0.15535177
0.16300787
0.17239948
0.18983269
0.22077264
0.21372859
-0.14702855
0.27028257
0.13710953
0.20610997
-0.20805381
0.17357433
-0.15594427
0.28287777
0.38055927
-0.21123676
-0.18642150
0.16663706
0.19174246
0.17695731
-0.30138096
-0.18390018
0.15455846
0.22459269
0.27299878
-0.12679656
0.21966320
-0.20781687
-0.18412904
-0.16517882
0.16720772
0.23408273
0.25018454
0.16134849
-0.15703067
-0.19503057
-0.18246263
-0.21998610
-0.18341027
-0.16186105
0.30127662
-0.14629622
-0.14846250
-0.12629864
-0.15827836
0.14510414
0.19135104
-0.17875677
-0.21060792
0.15762889
-0.16027807
0.14912403
-0.17987752
-0.16092944
0.22054756
-0.20096354
-0.12620354
0.18275896
0.12361725
-0.16791722
-0.20777602
0.18031423
-0.14312173
-0.18261190
-0.17938429
-0.19250420
0.22075228
0.16875172
-0.15823971
-0.16506614
-0.21364246
0.14542481
-0.17790814
0.15615697
0.26615715
-0.20539784
-0.20273153
0.17326745
-0.18902943
-0.13381733
0.15860222
-0.17129578
-0.16991106
-0.21205916
-0.16113015
0.25048488
-0.26922402
0.23111969
-0.20295061
-0.19448563
0.23753896
0.29627788
-0.21944119
-0.16220693
-0.20087375
-0.13046107
-0.13830566
-0.29589576
0.24479274
0.21584952
-0.14731444
0.20606187
-0.17235407
-0.23417836
-0.22639304
-0.21816306
-0.18113445
-0.25916094
-0.17202175
0.26613978
-0.11662664
-0.17861544
0.26758280
-0.18556984
0.19105345
0.21258782
0.25520012
-0.23507665
-0.16029955
-0.14486791
-0.17744556
0.31275165
0.11610231
0.14324626
0.17205492
0.14374433
-0.15572208
-0.19710331
-0.18201432
-0.16864818
0.19389927
-0.16425315
0.14385788
0.19236997
0.15412791
0.21878244
-0.16961695
0.17550397
-0.20228583
-0.20633763
-0.19928575
0.21811815
-0.12117317
0.16624884
-0.14374262
0.17290574
-0.19343369
-0.23576225
-0.19429085
0.20029202
0.15131839
-0.18222706
-0.20699753
-0.20638520
-0.18936706
-0.18350151
-0.13985029
0.23370565
-0.18281370
0.13660116
-0.19565658
0.22922795
0.16615841
-0.21496847
-0.17181653
-0.13272281
0.21263364
0.14290391
-0.22304755
-0.16768549
0.20465803
0.19058415
-0.18212412
0.20318134
-0.18541563
0.14746884
-0.12314576
0.18468496
-0.22017346
0.25353605
0.23257528
-0.19584285
-0.17920208
-0.21274781
-0.13418773
-0.11201142
-0.15716247
0.22690143
-0.14573160
0.20409486
0.22013375
0.28132296
0.17527498
0.21308877
0.21503502
-0.15546885
0.18610226
0.12552117
-0.18043318
-0.19774604
-0.13802063
-0.24167652
-0.20342737
-0.14717853
0.19567634
0.22119078
-0.11741447
-0.16396829
0.18362935
-0.16671294
-0.14258078
0.20961551
0.16876245
-0.13690357
-0.23092446
0.18654393
-0.19041668
-0.15877135
-0.17125778
-0.21586812
0.15954643
-0.15172592
-0.17897724
0.30211601
-0.18074805
-0.14988138
0.16346236
-0.21831232
-0.16718993
0.16488506
0.22823523
0.20937359
0.22172117
-0.16572383
0.19138215
0.19291802
-0.19217880
0.18260656
-0.23075391
-0.21882939
0.13449691
-0.20817937
-0.12034145
0.20813830
0.20708315
-0.20045869
-0.17051755
0.18408591
-0.14984143
-0.18168393
-0.24662924
0.20116439
0.16469386
0.13853256
-0.18134369
0.18665642
-0.18733907
-0.14765173
0.17525877
0.19683127
0.18780337
0.19490412
0.22037113
-0.16859132
0.32465446
-0.19814658
-0.15184423
0.18230751
-0.16840793
0.28865352
-0.14145508
0.23394749
-0.20650356
-0.19259310
-0.16369972
-0.19790471
0.23955235
-0.18594582
0.17426336
0.19955473
-0.12018588
0.21171764
0.25774312
0.23032574
0.15559845
0.14895506
0.19238421
-0.20369445
-0.14325805
0.20246099
0.15773460
0.13018852
-0.17986348
0.12886976
-0.16887549
0.19490500
0.23595801
-0.19741026
0.23316982
0.16896163
-0.20331895
-0.16433769
0.19513030
0.26946476
0.24198863
0.22011426
0.29387647
-0.18391433
0.23750725
0.21081856
0.19335452
-0.18955557
-0.17429054
-0.13655496
0.18349519
0.16960232
-0.14439647
-0.21150972
0.25430673
-0.17555456
0.23800015
-0.18193510
0.22597973
-0.12923533
-0.16778477
-0.20627604
-0.18317796
0.17192185
0.16899915
-0.18957138
0.13828805
0.22907069
-0.17656502
0.17138781
-0.20017967
0.25096259
0.14745729
0.16395868
0.21659663
0.17038840
-0.13550277
-0.14024632
-0.24708782
-0.18336466
-0.15410808
0.15237777
-0.15672560
-0.18835096
0.13402662
0.22148317
0.18035014
-0.18888834
0.11858226
-0.18446079
0.19985996
0.18036148
-0.15929182
0.15395074
-0.12345915
0.16280255
-0.18820526
-0.20027950
-0.20190352
-0.13044438
0.15354531
0.24643311
0.20595473
0.22170292
-0.20094538
0.16609250
0.18611287
-0.16190085
-0.15932114
0.19083025
0.15500791
-0.15832995
-0.16957693
0.14784145
0.15797019
0.22897948
0.17301893
0.25506395
0.21677336
-0.19437575
0.20917614
0.18936971
0.21915762
0.17076743
0.21267714
0.18531011
0.18556620
-0.19616264
0.18536316
-0.20380495
0.23534942
0.25526893
0.19256960
0.21856408
0.21555826
0.25833505
0.25948715
-0.15482172
-0.17530778
0.20045240
0.19388242
0.22697209
-0.17614104
-0.20974623
-0.18485391
0.19529662
0.19107363
-0.17110024
0.14314987
0.23522824
0.22311285
-0.21534149
0.21667342
0.21799962
0.21003956
0.20928335
-0.16311370
0.20507947
-0.18174784
-0.15823887
0.23094726
0.21954939
-0.22567727
-0.16433707
0.19839765
0.20317946
0.17889142
0.17291789
0.21598558
0.18504490
0.19223860
0.19981991
0.19652791
0.16629431
0.15613908
-0.15857548
-0.17929333
-0.15436962
0.22293893
0.23440720
0.22234997
0.24319074
0.20774698
0.21363199
0.16565110
0.23463313
0.20229997
-0.16975705
-0.17540129
0.21076687
0.24232568
-0.15317689
0.16454957
0.12561111
-0.14634520
0.16170584
-0.19388978
0.16579330
-0.13912460
0.18405731
0.24490497
-0.15358923
0.20003550
0.16731694
0.23094305
-0.15126501
0.20815024
-0.20775814
0.21949804
-0.17879982
0.18688925
-0.17023791
-0.18975346
0.16375399
-0.17720231
0.19709420
-0.11309390
0.18018486
-0.17544071
-0.22104831
0.22981045
0.18608767
0.21092257
0.16487798
0.14981636
0.23818953
0.24246350
0.19084859
0.14341542
-0.14010908
-0.15812549
0.17469685
0.16288926
-0.17086338
0.25174469
-0.15497404
0.20397745
0.16629659
0.20774052
-0.20385526
0.19101731
-0.18968755
0.19532508
0.14213325
-0.20115906
0.17226087
-0.23210905
0.25042158
0.18866462
0.14899290
0.18676783
-0.18748809
-0.17392783
0.15041283
-0.18896453
0.17218049
-0.13622093
0.16258509
0.18269315
0.19373021
0.14283544
-0.11865146
0.15790665
0.14012206
0.16474898
-0.12210483
-0.18350871
-0.15505739
0.19647692
0.20124772
0.21089654
0.18364495
0.14363003
0.20780474
-0.19043036
0.18214497
0.15440823
0.22290337
-0.14048238
0.22080617
0.16712266
0.19272070
0.19856952
0.13043350
-0.18074216
0.14934924
0.16832596
0.15005054
-0.12865874
0.17104268
-0.16683041
0.17560267
0.11362720
-0.15719236
0.22640093
0.21085323
0.18974392
-0.23069187
0.19942512
0.18037644
0.17550421
-0.15795693
0.19655515
0.17069894
-0.16785629
-0.19137058
0.20785017
0.14491808
-0.18490489
-0.14357392
-0.13696958
-0.15817676
0.13281061
-0.14653273
-0.18278790
-0.21421857
0.14182828
-0.14699784
-0.16134234
0.17411655
0.17236863
0.22052494
-0.18573472
0.16212295
0.18098785
0.18243083
-0.18143284
0.19322422
-0.15532041
0.20806159
0.14750047
0.20675825
-0.14602093
0.16765116
0.16144530
0.18421721
0.17004174
0.15963300
-0.15245725
0.12097594
-0.16857927
-0.12807766
-0.17869277
0.22730380
0.18385413
0.18539745
0.19382198
0.20163818
0.18881024
-0.15564139
0.20588531
0.18423344
0.17047204
0.15904537
0.15787905
0.21669522
0.15906566
0.18818274
0.11608603
0.12130566
-0.18683659
-0.13026573
0.17821218
0.13714960
0.15687639
0.22861825
-0.12803791
0.20131728
0.19303483
-0.01310946
-0.12804863
0.19520803
0.14064147
0.18068682
0.17841123
-0.20153035
-0.27568582
-0.13252845
-0.11489069
0.13083842
-0.14490940
0.13462795
0.15132107
0.16783300
0.17485172
0.15278035
