0.33701235 0.54027641 0.41654778
0.75630724 0.39794567 0.52409047
0.12093197 0.22068962 -0.00001192
0.99343646 0.67696971 0.70320672
0.93128926 0.70287406 0.60545093
0.68822610 0.56146926 0.61426055
0.48545638 0.63522351 0.56169403
1.05527806 1.01461160 1.19460917
0.93803865 2.60680389 1.21871412
0.84747303 1.29182684 0.72127396
0.76799601 0.93162173 0.91425818
1.10576808 1.07802653 1.38503492
0.85859364 1.46019113 1.10032332
1.21190870 1.30983841 1.16341984
0.93377846 0.68278849 1.24866652
0.58724117 0.49894553 0.72642523
1.06931043 1.33813000 0.88981909
0.88879162 1.36352110 1.07422197
0.81485271 0.93032986 0.83483940
1.11505032 0.77054644 1.20805836
1.69072664 2.72898221 1.70492029
0.91558045 1.34164453 1.01797581
0.75322938 0.90037584 1.17432153
0.84843910 0.75044626 0.69282269
2.17271471 1.31269836 1.54662073
0.88801533 1.07260299 1.11793721
0.81857926 2.47462988 3.41097689
2.01046872 1.00476348 0.94512284
1.50542486 0.81711131 1.13459826
1.09342527 1.08438444 1.34257472
1.00049019 1.52704251 1.18510056
1.33778763 1.20484328 1.16331375
0.82932693 1.20380735 1.67449701
0.63999403 0.63695115 0.67015553
1.71731508 0.50317562 1.30695379
1.45559835 1.16855907 4.94619036
2.00348020 2.04193330 1.59038126
0.85761279 0.99574941 1.43174577
1.86381161 1.10482287 1.20425200
1.46358633 1.63231921 3.20553827
1.37968266 1.59730411 2.20717454
0.72171211 1.54483593 1.23469746
1.50419116 1.05445719 0.98512745
1.25361550 1.26152241 1.00836051
1.14592159 2.39656997 1.54468560
0.86843681 0.84188265 1.01643836
1.20485854 3.19067526 1.54332173
1.29634392 1.85418653 1.07249367
2.43123531 2.29657531 1.64882243
1.29297996 1.80066466 1.77657044
1.17700267 0.87729096 1.36151493
0.28030914 0.73358029 0.85749966
3.13019514 1.94987214 2.50836325
1.20863688 1.56864500 0.94927555
2.04166603 1.08353114 0.98797309
1.58730721 2.03915954 1.95334864
1.59431183 1.65273750 1.35264838
2.90948725 1.39297926 2.16438079
0.18083462 0.59751374 0.30332315
1.17343915 0.95096087 1.43164396
2.22810197 1.85048568 1.08638775
0.62067115 0.46214429 0.35213679
3.07860613 3.69450355 3.26554942
1.41616881 1.55238831 1.83071172
2.06732011 1.42213964 1.27280569
1.28309917 4.89978695 0.77862859
1.12018239 3.24535060 1.09125948
1.23908448 1.37513566 0.97946441
1.08922911 1.41366899 1.41931486
1.43365979 0.84395033 1.31818628
2.08426094 1.95266223 1.19220674
0.79206342 1.04278994 0.94204748
1.80604565 1.54241645 0.78289157
0.54809761 0.55387682 0.93751961
3.61448026 2.76684403 0.30096567
1.78983259 1.58801115 1.20156348
1.17513740 0.84792209 1.34383154
3.66870022 1.22730052 1.32550287
2.14612269 1.39562929 4.62830353
0.90613151 0.96054280 1.17648625
1.00668526 1.45186162 0.91176808
1.17447197 1.14591849 1.87177622
1.63293767 2.41564608 0.78825414
1.08977401 2.69095421 1.91770804
0.83008921 0.55767792 0.82945669
1.09468293 3.18693709 1.81350124
1.26788056 0.75470179 1.30589914
2.18678999 1.46414351 3.44642758
1.67550993 1.47184217 1.98027980
3.46657014 3.46360612 1.42772996
0.33022171 1.13077092 0.85014707
0.61805946 0.96571487 1.14327669
1.71988118 4.65993595 5.39046478
1.39227700 2.04503965 2.30028653
1.90812027 3.04547048 2.83705616
3.24042296 2.45226932 1.38386369
1.09958947 0.89148384 1.57583416
0.76958400 1.07791269 0.71563387
0.85430026 0.96208924 0.60276031
1.74657786 2.60440207 3.69259048
5.07122326 3.33045077 2.00553370
1.26177680 2.03626180 1.79261458
1.09728730 1.21902454 2.21186757
4.79757881 5.57697392 0.87393302
1.70961809 1.38315642 2.71107078
4.96055365 2.66795588 1.53137851
1.73942173 5.33842945 3.29328156
0.41133499 0.28611076 0.38506427
0.70747042 1.18950355 1.18523490
2.28673029 4.21110439 2.68678880
1.19776785 1.10436535 0.38310343
2.78609180 2.58108759 4.46602774
0.93842673 6.17592955 1.74394107
0.84709549 3.52246594 3.03878331
0.58847123 1.05254734 1.55329466
4.01605129 3.27933121 0.96046007
3.91129827 5.42514658 1.87432086
4.07048607 4.60862923 1.12316418
2.15099525 4.64158010 3.36102009
1.00004208 1.88080871 3.08233023
2.25289059 0.95985609 2.26195812
4.66608429 3.14538836 4.16966391
1.16050982 0.97843260 1.66332901
1.61521840 0.70465207 2.78734422
1.71499825 2.52569509 0.89630646
1.29183602 2.08876848 2.55654240
1.82429028 0.57751173 1.67282295
1.03115022 1.48576427 1.61096787
-0.00000000 3.86609721 1.23093295
2.38018489 2.11157155 1.44331121
1.95708406 0.72293758 2.01411629
2.51702118 2.18709707 0.85140896
2.08560967 3.58936191 1.51537561
2.91095591 3.47690392 1.54079950
0.71260858 2.51462722 1.93069768
2.15416479 2.90866137 2.43251538
1.28664362 1.49686706 2.30268860
3.46680808 2.17269588 5.34553242
3.86863232 1.13753462 2.93925476
0.76668096 0.96267873 0.83706576
1.30416620 1.48782170 4.47178650
2.26234388 0.99206603 1.53651881
0.98649424 2.70073843 2.75544596
1.08457100 1.48443747 1.92494452
4.34989071 1.90431178 1.74342084
2.88524318 6.20414734 5.77125883
1.01339602 4.56977510 3.64754152
2.62222028 1.59152412 4.35237360
0.75459123 1.83283126 1.30747116
1.24001276 1.23782575 1.05889535
2.23283386 1.66298532 10.00148869
3.00990343 1.08369648 2.65817857
4.62155199 4.04004288 2.88520885
4.87240505 2.89504123 0.81010276
2.71161509 4.09835052 2.07849312
0.58538568 2.10276961 1.80509830
3.41643810 1.33470368 9.02954674
0.71433717 2.39176941 2.17458630
1.94196808 5.71889400 4.75032187
1.56298065 1.33436871 0.47180125
0.73693919 1.92640638 1.93041015
3.90421677 5.85318661 1.20892179
3.22803688 0.73126423 4.87773657
1.87585497 1.34702647 3.59104872
3.15489221 2.26980543 1.31219649
1.28131187 2.56086183 1.49573517
2.46560454 2.65041709 4.21965313
2.05770731 4.74033165 2.03167963
1.75679326 4.96410799 5.11297655
2.07677937 2.97047687 1.36102676
2.73021317 2.33614564 2.28013039
2.81989264 2.38827658 3.53033805
3.68398857 5.01470613 1.92463112
1.63911939 4.25514126 2.36195278
2.06580997 2.21123600 2.87417197
6.27033424 2.04678059 2.54075074
5.61106968 4.81048203 2.62409472
2.52479625 5.83358192 1.13647127
1.96833944 2.70352721 4.06068945
1.15630424 0.55657870 1.34683263
2.51301908 4.82274818 1.87000859
2.98025703 2.50912404 1.06466663
3.54858136 2.98855710 1.34659064
1.43164206 2.52232122 2.97800446
3.81075525 2.00208545 4.92723083
3.34554029 1.53343225 2.40187168
3.44904208 2.39863181 2.57159638
4.37775135 2.17519975 1.15033364
1.70985186 3.20174289 5.59470463
9.24254322 1.65593195 5.86963177
1.92275620 4.64397335 3.63478923
4.10280561 4.98922825 10.56027126
1.87077940 2.90375590 2.47627902
2.50175548 4.42225790 2.04975200
1.62808073 3.39239812 2.76299143
4.89272022 1.28168499 4.05877399
2.84952044 1.80644810 4.15772009
1.88460267 1.04314768 1.70342517
2.16311765 6.15080166 4.20312595
1.90293682 2.26566601 0.90637136
0.89898640 3.99820280 6.33563900
3.62250590 0.74722946 4.38673306
3.71775627 1.28314984 1.92551291
1.27188849 2.01365733 1.86589253
1.35968029 2.13797879 2.62211037
3.81622243 3.10049033 2.12454486
2.26544166 2.92441535 1.38806546
2.83458686 4.32059383 1.56428409
1.26962841 1.01731968 2.78210449
8.48864937 0.68150127 2.70276785
2.42243981 2.39844680 1.71485221
1.77901530 4.25397110 2.48579860
4.22071457 2.48866963 3.09478211
1.82065213 2.02334023 4.94747925
3.75940967 2.62973762 4.16233826
2.20294094 4.91980314 2.34860492
2.13251138 1.66074300 1.86686766
4.64447927 1.08175349 1.52877808
2.16423559 5.60336971 1.17355812
3.79889083 3.75685954 2.10729337
1.34734392 2.92733002 2.06523585
1.31060648 4.24800968 3.88756514
2.94011521 6.07829809 2.15720797
2.29117990 7.28831148 3.91475105
1.36280704 3.18507528 2.38731480
1.71637774 2.75176501 1.38136995
2.41766763 1.59165239 1.35748947
0.73644376 2.57642913 6.45151997
3.61518621 7.60068560 4.54824591
3.92269492 2.54847050 2.02942109
4.63014078 8.72393799 3.52966237
1.69106126 5.20271873 2.44887114
1.27769935 1.58199847 2.67199731
2.55336976 2.15336919 1.29178154
1.34774172 3.35696602 1.82246006
1.23044038 2.28960848 0.97568524
2.91036797 1.07699382 1.79649162
3.88231778 2.20106077 1.45634162
3.15826249 1.81390679 3.06587839
6.45196772 0.81595969 3.28453398
1.87438619 3.93888021 2.87504077
1.06285071 2.24828529 0.96237886
8.20548725 4.29273605 4.41777897
3.63344383 7.46916294 2.88149929
3.03153872 2.30521965 5.60666466
3.51602674 2.80009460 1.95170712
2.15009499 1.54820156 1.46169019
2.94965506 2.58720303 0.80168569
2.97059059 2.79404259 6.31992960
1.30627096 4.11557102 5.09940195
3.85929298 4.24120617 0.98747557
2.82407832 1.37564230 1.31183445
0.82210833 1.33107781 1.26495063
2.33209538 1.86512613 1.60341406
4.32650566 2.37380266 3.23528576
2.60282350 1.85710418 2.24963641
2.58074808 1.47769225 1.26078522
1.69282091 4.13159418 3.53461361
1.88379264 4.24520540 2.65141797
1.63385069 2.85081935 0.97549528
2.09279370 1.22222960 3.28663969
1.90215755 1.79322743 1.23767745
1.59913719 4.10021448 3.39324951
0.97032118 2.67638254 1.55690742
1.20401061 2.52398324 2.36745358
1.65361905 2.74697948 5.29296732
3.67536259 2.02881050 1.82601976
2.27812243 4.03756714 3.65024590
8.77617550 2.78213692 0.00000000
1.68972611 2.88016868 3.35017204
1.79030418 3.48979330 2.20083404
1.22140253 1.90013659 1.77844703
1.78862870 4.19962502 3.00721335
1.50835490 6.36118698 2.41217017
8.47029686 4.56423950 2.24924874
1.82387960 2.66411710 2.90203571
1.54767466 3.62206602 2.42139626
3.45330191 1.55685735 1.47059488
0.93546927 1.29969156 1.65169477
3.49211121 5.30131197 1.67325592
1.49577761 3.16525531 1.82397926
3.63791895 4.09704971 1.77441990
1.24991047 7.12802029 4.43757439
1.36891997 1.98022246 2.00265193
1.10034931 1.12730777 1.50670338
0.90689224 1.74704146 2.11480284
1.86702180 3.20271778 8.01117706
4.23449802 2.42125559 2.18596363
7.78246593 6.81052589 3.63130021
1.46641052 2.00156116 1.91729677
7.44450378 1.14323926 3.29162025
1.76314342 1.10041225 3.36991787
1.58741558 2.77281952 4.15510702
3.06441808 1.53319049 5.49065495
2.07874799 3.23778653 1.12201333
1.41614771 4.40878153 3.36025929
1.83048713 4.98411274 4.05380726
3.32100534 7.29810238 2.28654170
4.37878895 1.36212659 2.05214190
4.47175932 1.83627331 1.77028918
1.31765354 3.25622368 3.23695707
1.61444008 6.13793898 1.19363785
1.46768463 2.32873249 0.87321925
3.20597219 1.87601447 2.24423885
3.61854196 4.83524704 2.52112508
3.94400120 1.01762426 6.37004566
1.09388936 1.96164608 2.77217555
2.56193447 2.12658095 3.63081598
3.19424653 1.98019361 1.16848660
1.82042170 3.18978262 0.88723809
1.71434915 4.45038080 5.55892038
1.84937990 0.64913172 1.54613996
1.01292503 3.44809890 4.88461876
1.92057109 2.27727294 1.20865512
2.28275204 1.35523951 3.19294381
2.68188834 5.10069990 1.10072303
2.03492713 1.02618599 1.48921835
2.87422371 1.66794598 1.82505059
2.40172219 5.83281326 3.25285912
2.76243830 2.05291152 1.47751808
1.61325455 2.10381198 3.11013150
1.83383250 1.41039467 2.51060176
4.48249912 1.72516024 2.88113952
5.20885611 3.34196734 1.67203283
6.82445192 2.98109770 4.50749922
0.99191606 3.14689374 1.51729298
0.30767655 5.67394066 4.07398224
4.90582371 2.82430434 4.30512428
2.48256063 1.37615824 3.19932652
2.67148995 1.08457339 1.47317481
1.64320290 2.19072390 4.19286060
1.37421012 2.39535499 2.98662972
1.17138910 3.26811409 2.52433753
5.05976868 2.51966238 1.88956678
0.68227494 2.81219506 1.46131742
2.34369493 4.01409578 4.89536524
0.84772265 2.57449341 1.59491277
6.86990929 2.12541008 2.45611668
5.60593796 2.44349551 1.52710962
1.54515266 3.01116967 7.35804749
1.58531475 2.69483924 2.87113261
1.86147749 2.20207191 8.19819736
2.70469069 1.94927835 2.12694502
0.93451631 2.16981292 3.84177947
3.08780813 1.81217778 3.32661653
1.17874134 9.25015640 2.44684482
2.49588871 1.47715735 2.15222502
1.13526285 0.18277174 8.71821785
1.89774275 2.92780805 5.56906414
1.21711481 5.31839752 8.74188709
4.93576288 1.51021183 2.82584453
2.57317662 5.04233885 1.13746405
2.46462703 8.19214725 0.77581656
0.89064521 2.82403469 4.03083563
1.45918977 8.04551029 1.25196469
1.40152633 6.81667042 3.95142674
1.79638314 10.93850422 3.04674888
1.44714308 2.14776254 7.28264093
7.71859217 3.18037176 2.43542314
6.31162262 2.09181523 2.84379148
10.37996101 2.42310095 2.51552653
2.17971587 2.85936594 1.10004914
3.00288796 3.12343884 2.48551750
2.73789167 3.34229755 1.27526343
1.25557888 5.58500910 3.09673834
0.69777036 3.73380709 7.48136282
6.33953619 3.18692756 1.76873231
0.49288940 4.16440916 8.34404373
2.19232655 8.13804817 3.42825127
3.17674828 1.95555139 4.44698191
1.56424284 10.54828644 2.47560596
6.64157629 2.21047354 2.07286358
2.81568456 2.25060558 1.15495896
1.68843901 2.83127308 7.33633327
7.37857389 2.21122146 1.03163731
1.34860158 3.57028174 8.81303596
2.16228819 1.70605469 6.39404249
0.25422293 2.01614523 7.99501610
0.45737648 8.16532421 1.31245458
2.32769346 3.30158591 7.66768265
1.83404183 1.46749616 6.71781349
1.72038031 4.75071669 2.51051998
1.83446908 1.10877931 3.27046442
2.92128181 5.15999746 1.98326516
1.46276629 5.38511372 2.13225341
1.62063146 3.46044493 2.07369351
8.08314228 4.98818731 0.47432026
0.43580002 3.56607771 2.87922978
7.30321836 3.43471885 4.35467720
1.43591845 6.95103741 1.95867097
1.49137080 2.03064632 6.36418200
1.31801450 5.16127300 1.54481101
2.07882643 8.19126797 2.60285306
2.21150088 7.28144407 4.43163586
1.09037185 10.11579132 1.08657634
5.80400753 8.74987411 0.87719953
1.92324734 2.88134050 2.18763781
1.77313054 8.41324043 2.65945077
1.37751329 5.64296913 0.98685104
1.72771609 3.00132608 8.74273682
4.84244680 2.94814396 2.75370026
2.99396133 8.83210278 0.98116231
3.57527637 1.96720564 11.61691475
0.54006690 6.39012146 3.08499932
3.26578760 9.76508236 1.69110560
3.16550493 2.46335316 8.69525337
2.09293032 8.18257999 7.04416943
6.95329523 2.30744505 0.79352909
9.28356743 2.60281348 0.93880892
5.96428919 2.68577075 0.88966113
2.07688379 8.17248249 2.09576559
1.62188029 5.65038824 2.59782052
4.38928270 0.63080168 2.03244901
4.98287773 10.67295265 4.63204288
4.42130518 1.34288871 2.60854745
5.22593832 2.28049564 2.53846169
2.67144608 1.33062851 6.09629869
3.43529248 1.88557351 2.43576884
3.41598177 2.51422811 1.52498364
7.65812683 2.15123820 3.19012403
2.72993636 8.23738861 1.70989692
2.52698660 8.56940365 1.56626356
4.34697914 0.71426010 6.32284784
8.32743454 2.40228391 1.47136426
2.01473284 6.95235395 4.11800337
6.18672514 1.70285082 1.84403479
7.48806095 0.40570834 1.92739499
7.46652317 3.51479793 1.50032103
8.31000519 3.38938117 7.37716055
2.48284769 5.40281248 2.34468389
9.44156647 3.24741316 0.00026270
7.69901419 0.87441766 3.21617746
1.80434072 4.16959858 8.69194412
4.48566484 1.33483016 0.00000000
7.74899673 1.21215415 3.09474158
5.01138306 0.93928564 2.48941302
5.64902830 1.55104828 2.35501003
3.46072888 2.01031256 5.11781073
1.33278310 3.96639061 1.74342155
0.38462779 2.99467993 8.49590969
2.76147175 1.93833065 1.13917196
3.61523700 2.80694056 6.52871609
9.33551121 1.96121097 1.00143969
8.33435440 2.32920504 3.75201964
1.35770249 1.71445632 5.06704664
4.46692371 6.70225096 2.65851116
1.22264838 2.81996393 2.00212336
4.51953411 6.57573414 0.12054481
2.41013217 1.52610040 3.81784654
1.33566010 11.63126850 3.96883035
9.20574284 0.39867327 0.88610035
2.44045210 1.76059163 0.80554700
3.70390010 1.05866778 2.96157956
6.71269274 3.22304535 0.99161714
4.78619194 7.68243408 2.97019267
3.24499297 2.19441938 7.98047256
7.60919380 1.76899517 2.91897416
1.72917545 2.75687408 7.13864326
2.38349295 3.03311229 3.80920577
3.07206988 7.67537928 0.86981815
3.45483470 4.99190187 2.14339542
3.59997201 0.24974903 5.17482805
1.78628409 2.36477399 6.51637936
10.38258457 1.24304307 2.67582846
1.45388651 4.90441179 4.10129833
4.21803617 2.69865036 1.90779948
2.04555583 1.40524352 7.92070580
4.15746546 2.18208432 3.99859071
3.70084763 0.27821827 9.30975151
2.18721032 1.46580124 1.84114385
4.01637220 0.59287393 3.45685840
8.95954037 2.24064088 0.10180115
4.82473326 2.41374326 1.68170512
2.19554448 5.28973293 1.89330351
4.79349136 1.78000844 2.92004585
1.69793952 0.52570164 9.05302620
7.51390934 9.15495491 3.22336674
6.30233479 3.42384505 0.88028342
2.84111834 1.42388153 12.74974728
1.43462896 2.69254899 10.86626911
2.13171077 0.68385774 2.15879345
1.88309824 3.72729301 6.56298828
6.17195892 1.72373450 1.56883478
2.48582745 1.65569770 4.51101971
2.08652830 0.75700963 8.26194859
2.57293749 2.62837982 5.22958183
2.31191564 1.58030319 1.61087370
1.86037588 0.61347890 4.28130293
2.29480529 6.98962593 1.20980465
5.62181807 2.08441591 2.37277961
2.60491514 1.87443781 9.52046394
4.20817709 2.39165306 9.40588665
4.73129320 3.40925097 2.65581584
2.41268778 9.48727989 0.94317430
3.43943000 5.28914690 1.77689421
2.29683018 2.96814632 8.77676868
0.00000000 2.96385789 2.69251680
6.64134169 3.11540079 2.36249018
2.39961958 1.38859820 6.35029364
3.66143894 2.25904608 9.25511265
1.72958279 6.91446733 2.94741392
2.62154078 4.25793886 2.69909167
1.54779196 4.02791643 3.32669544
8.67678642 2.72774959 1.37727356
1.68687820 1.06291282 5.97368765
7.36155891 2.65312171 1.12172222
1.59267652 2.75705957 4.87104321
6.06000519 2.07974195 1.45193744
1.15045714 8.08061028 3.39963126
1.34669816 3.68242955 8.97706127
3.26646066 5.65134048 2.32585216
2.69551492 0.88829255 5.11670113
5.92566919 2.51018357 0.95315552
1.20124364 3.49017572 1.34954071
2.94245076 1.99507344 4.93579578
2.16969323 7.69267797 6.14773750
1.21349311 2.34214306 8.91395187
1.36665225 4.36085653 2.47011352
0.60438305 9.09297276 1.28182781
0.92334706 1.69126081 9.65750694
2.11375999 1.58511448 1.10777485
3.18797755 2.22101831 2.58459449
2.82088447 1.47319019 4.68507957
3.49877143 1.64829659 1.36941326
2.58139753 4.79821539 1.31869483
7.97974443 0.22673748 3.61312675
3.00274110 0.77568799 7.10149240
2.44601250 2.78668404 6.38718557
3.58226180 -0.00000000 3.37880158
2.15156817 4.55834436 2.15914106
2.48465490 7.62112236 1.03882051
3.43338323 5.29967451 2.12214184
4.05896330 2.03812933 7.92189360
0.75256842 1.33288431 7.71002293
6.65786695 4.50851917 2.75762510
2.42811751 5.95715618 1.34440553
8.03737640 1.06083286 1.30796146
0.77746505 9.51557446 2.54078388
8.35851860 1.98122096 2.52828908
2.61417365 5.67944050 10.34415054
4.46611977 3.37810659 1.31903875
1.54878604 7.40534878 4.66359377
8.78001690 3.03543472 1.61759210
3.69110489 7.29067802 2.79799318
1.09756780 5.26582909 2.70988822
1.97249413 6.13981199 3.39580774
3.47638464 2.51436257 6.07925606
4.47418737 2.13144422 3.63190532
2.79762721 8.86059475 3.70702767
6.93234205 1.78380322 3.33552742
1.51928890 2.65077901 6.42957115
2.67163706 4.09622860 1.49147713
2.55195904 1.51832068 5.02703810
4.97086906 1.76355338 2.62798929
4.59990644 2.83325815 1.16972935
9.35379887 1.29462099 2.67842484
4.72223377 9.91265583 1.30608678
8.37261581 1.49101353 0.46309954
1.99997246 3.82306767 2.41002083
9.58106232 1.44890785 3.50254869
6.84640026 3.84894967 1.22513783
0.97048348 2.78717899 2.89894128
1.04238164 5.56270885 3.98785639
7.83647013 6.76766634 2.52981353
4.81522226 2.95383978 0.00000294
11.12428951 1.97542083 3.09661031
2.84455299 2.13762450 3.99219346
1.96278346 2.67643905 1.34916151
2.88798714 4.36533976 1.42089963
1.12890363 8.07158279 3.18229580
4.80703259 6.88921642 0.80655265
6.31532907 2.33594298 0.89452368
1.30214298 8.41210651 3.92965484
3.90847111 0.71789497 4.00271702
7.93157673 2.47510505 2.85878658
2.62235117 6.70216799 3.89951491
5.93624973 3.41717005 2.12713909
2.28872967 0.54229760 6.72847414
1.65857327 3.02695251 2.82875490
1.06899583 2.82258797 5.72140694
1.57539797 2.76925898 5.88289642
1.61296237 2.11323690 5.82978487
1.76425612 1.03874588 9.21850014
10.28064537 3.23047018 1.76043320
3.41267586 5.29408026 9.49157906
1.49619770 7.67065382 4.16441011
0.53571242 2.24224234 10.02405643
3.14349651 8.68300343 1.83061814
2.77381635 3.57327724 2.03832912
8.82602406 0.45237890 7.37542820
1.50880897 3.99539065 4.28477335
2.02123022 9.05562973 3.02353549
6.05609322 2.34247851 2.58027363
4.38418007 2.53011227 0.94024050
3.35719132 1.60156822 6.41228056
2.53622007 1.45115745 4.24228525
3.14056683 8.16964340 3.41331577
0.62433136 4.63223553 10.11042881
4.69977379 3.74880242 6.60760689
1.27394378 4.00891781 2.62917495
3.76939273 1.94365060 6.05171680
2.58114767 7.75405645 4.10274076
9.89203358 6.61913443 5.70687532
6.52204466 2.94868422 2.29322886
2.83192086 9.49759483 1.04060066
1.20869422 2.18835664 6.89415503
0.40129378 3.31025934 0.48652223
7.67633915 1.73480141 3.45355010
0.65267795 1.17915499 2.95427155
2.94535112 1.73473406 3.68415689
4.24500036 8.87035751 2.15680623
1.72679079 3.09489703 1.92846942
5.61835146 3.86606812 3.21462250
1.51554298 2.79824185 3.83595777
8.96199036 3.55161548 0.83623046
1.11403966 3.14027405 9.94734573
3.50082588 3.26793075 1.44748735
8.41192722 4.58718443 2.63139582
2.48672462 2.08953357 2.60808873
2.35699868 11.19781590 2.42113495
9.37745094 1.57306552 2.21220016
0.33627987 2.63998961 10.13607693
2.92706394 1.39814866 5.66961193
1.68750846 7.26238680 0.69549119
1.88180864 11.45097351 2.76747370
2.27576232 1.18971372 4.05805349
5.17657804 2.08076143 1.12279403
4.44477510 6.67758369 1.63748240
5.58558798 2.20761538 3.87695837
3.06193113 8.15835571 0.71179473
2.50778294 1.97476792 2.15969992
8.02775478 2.77571535 1.41718829
1.32058179 4.37008333 3.06590486
3.08031034 0.66221291 4.83870649
2.93349528 1.08004797 0.74725920
1.11470103 2.32226801 10.15458298
1.16585064 2.37764597 2.97690582
2.72549558 3.48625493 4.78327274
2.45180559 5.51540518 1.29958797
5.66591072 12.22272491 1.99999976
10.09572792 1.44614506 1.35047829
2.95868039 4.03394032 1.40894604
0.00000000 10.69005203 1.85752308
3.42214680 1.66699934 2.98697877
3.59069395 8.05244064 2.99819016
1.09050202 2.29617047 3.29595113
2.66596985 2.15585446 1.55578554
4.55601835 9.98205948 3.37049913
2.84866333 7.64505434 2.06529379
1.86492133 3.95304346 8.15245914
5.36709166 1.38442826 2.50912261
3.03971624 1.75334942 5.29079103
5.66099644 0.81750441 1.48909438
0.83553463 12.64715767 4.37611055
2.55457783 4.99887276 5.84343386
4.53293705 1.58853233 2.62213612
0.45802242 5.81230307 1.47706258
4.25336838 1.53287959 2.49324656
1.97671616 3.90566182 1.33664691
4.23570490 2.49081421 2.95402789
3.47571254 2.42306089 1.59720755
2.58588529 4.09360170 2.41438413
9.19199276 1.82193100 2.60956454
9.71128845 3.45834851 9.46128750
3.27356434 2.06382203 9.39175320
4.59168530 0.97468090 2.62113786
3.66531730 10.02235126 5.91824198
0.89624542 3.54082441 4.38031197
1.12168157 7.77294111 1.86520076
2.27144170 0.99652368 9.40970421
7.65334082 5.93142843 2.30624437
1.10053265 2.63809705 7.57991028
8.62748432 1.82204187 2.99028993
1.55000234 6.83135796 2.44726396
2.87255192 3.60264182 1.16970372
2.03674269 9.48302460 1.83211935
2.73485017 2.24888086 2.35032415
-0.34656352 4.43908644 0.97955370
1.57367408 0.39559650 8.03613663
7.86819267 2.63020897 1.67867517
2.23869610 2.46539497 3.85764742
7.01521683 2.04649472 2.07379675
2.71522784 9.40782833 1.38751304
2.66984320 0.94341874 3.70295167
4.53658295 2.81033778 2.57410908
1.27868307 2.03099036 9.80621243
1.15680838 4.56389666 3.73624611
0.64140409 2.28145957 5.74591112
0.88786596 11.14881992 4.64731455
4.71953487 1.48803222 2.21885467
2.63994837 3.68339896 1.48512268
3.84894466 2.09227896 5.93219614
1.35626030 2.35014963 3.23741055
10.79752922 1.15240324 1.43142903
3.89884853 2.13232541 1.02474976
3.87642050 1.05810583 4.21624851
1.94114876 7.25139236 1.66583133
2.29775190 0.53722203 9.41183186
9.52773952 1.93038356 0.25062680
0.48520505 3.59419608 3.19183826
2.11751127 6.23247051 2.51565123
4.73672771 1.17125344 3.29791498
0.78729033 6.41110373 2.18901110
1.58802509 8.95884991 0.82120067
3.74258041 2.18782616 1.47557592
7.32836437 4.97180986 1.99324739
1.89484572 4.39047194 5.97966242
1.43127012 3.83968759 7.51194477
3.69456673 6.42375898 2.55370164
1.70818949 2.80433130 7.47920227
6.08042192 2.48501730 4.71210337
5.30769253 1.59865999 3.89583683
2.25057435 4.04331875 5.86936951
4.94491863 2.60743141 2.61469340
0.90891975 1.65897608 8.14994144
2.75241518 1.84644568 1.21322298
6.41358900 2.29037166 2.77938318
1.21540534 4.77188587 7.99547815
1.74863720 5.43193150 2.99304056
2.85106421 3.82334661 2.44662428
3.11481452 8.41134930 1.24071264
1.47217059 8.54230213 3.88522577
2.13947606 8.74994278 0.61286551
5.94666576 2.42356300 3.89463735
1.33387828 0.28775367 7.69069242
1.55697787 3.25557232 9.75409794
3.01140499 1.88139415 4.82723188
5.75277424 1.33167577 2.26993108
4.22690964 2.44393229 1.30229211
3.54774094 1.52857327 5.04599190
2.33726788 3.20250463 9.83396149
2.11579418 0.85913342 9.61456585
1.10497260 10.05716419 2.55732465
2.13138747 4.95137215 3.80155754
2.44172931 3.74302316 1.46653223
2.27666831 6.37336397 2.26075506
2.47557187 5.43223476 1.20857644
3.53062916 2.93479371 5.14478397
1.91517270 9.54416943 0.68238562
2.14233685 1.09553361 3.69667411
1.02871513 3.73757195 3.56372094
3.20679998 11.89482689 5.43773270
1.05211318 2.27177072 4.15323305
1.85674918 8.35830498 4.36180830
9.57221699 3.03196263 1.30730474
3.03858757 5.50496054 2.42865419
2.47521091 2.31708574 1.64802659
3.10591269 1.44151652 6.92654467
2.27777457 1.52270985 3.71739793
8.89940262 1.08008289 3.03425217
6.48715353 2.29020405 3.58484077
3.51056385 3.95273829 0.96454358
8.81607056 0.94628292 1.62235725
1.91475666 9.02223110 0.92308062
2.50300288 1.11237359 8.94331837
2.13370252 3.41662741 8.07060337
3.95494223 4.58933401 0.87841129
2.51565838 5.70676756 3.54136539
7.72524691 3.74732208 4.05847931
1.82146096 9.63578510 4.62550306
3.48023868 1.73193276 3.06225491
0.83737904 6.17031622 3.14996862
5.42944813 8.77088928 1.72718167
0.62820178 2.66428566 7.10113764
1.38605785 8.62791443 3.61652064
7.56385612 1.90315533 2.09469271
3.74916911 4.31108856 3.04027271
1.85082757 1.31533909 9.57687283
1.05580795 1.99246836 4.44456482
2.78492093 4.92981863 2.77167535
3.65917397 1.58357048 1.48347223
6.09299850 0.82133693 4.80961418
2.09037137 1.99348497 3.88966942
0.74012417 2.65356064 8.22329617
3.75567627 1.15445197 3.45401835
0.89203256 9.10874271 2.32071829
5.77127886 8.52385998 3.90749454
2.26532197 1.39184451 6.54388714
5.43102598 2.26450133 2.80378675
1.45443797 2.55268931 5.15665054
3.63659883 1.78051913 2.75164366
7.46251822 1.04164660 2.84345174
1.39106166 3.51592660 3.04767323
1.72912335 2.41219020 2.12602925
2.48162103 1.20189917 6.06850815
0.90674627 2.30992222 8.52258301
2.66742563 9.73663139 0.96134835
1.69510758 6.90011501 3.65390182
3.61086583 6.02191114 2.10001898
2.66143751 7.98712301 3.36256433
1.16523993 3.19413805 10.32839584
5.14318275 4.36886835 2.83278155
1.39651740 2.01709867 3.53768921
1.28331125 2.65223408 3.16575980
1.54322624 2.79412007 1.80249763
6.46119022 2.45829940 1.22210026
2.61519170 10.52043247 5.85467577
1.72042155 3.77581096 3.98516965
1.86825681 7.34762526 2.96908259
3.66610360 1.69587398 7.93814898
2.74276185 6.44239473 1.22526944
1.92168689 1.29709351 2.12648630
1.88148189 3.29999042 5.64881372
8.26052570 2.34074283 1.07202709
8.98098278 1.70055687 3.50521064
2.56388426 6.57393742 2.29557300
5.36985970 2.26513624 3.84627056
3.50099659 5.77447462 6.75882578
1.14991367 5.79640675 7.14253092
2.12907887 8.02831841 3.87688208
3.09573770 0.36716148 9.49583340
10.05007744 1.19333804 2.32049298
1.43853593 5.26788187 5.72499228
2.82863975 6.22313309 1.42344880
2.88755012 0.90987593 0.99567199
0.92280596 2.06869125 3.40498090
2.59714150 3.71512556 7.61940670
2.92800975 3.51292944 1.58250129
6.69116545 8.15509319 2.94197774
-0.00000000 12.58788776 1.18857586
7.26809645 2.97301912 5.79720545
3.01990747 1.17076540 10.06990623
1.13179004 7.31920052 3.14373946
7.68513060 0.89175075 3.95324111
3.11919570 6.79110193 2.63128805
2.27913165 5.50016308 3.23466754
6.72806358 1.61999607 2.38895655
4.15100193 1.61621451 1.89253616
7.22204113 4.73459196 2.49545741
5.22956467 2.93989086 6.61810112
6.99433613 3.26631427 3.08985591
2.00750065 3.09099817 8.01932907
3.24359751 10.36593151 2.08823466
3.23644114 2.30065727 5.72622061
0.39562115 7.24561405 1.63737786
1.36149871 5.82543898 3.54649925
2.10350657 4.50124073 6.82314491
9.85179234 2.38071942 3.42370844
0.91328502 9.53394794 3.50644135
6.68411493 8.28381062 2.78196454
8.65650654 1.75578415 2.23255682
4.27983141 7.47987795 4.04038811
1.96739602 7.12785864 3.21269035
5.41935062 0.94590390 2.26740479
9.75923824 0.80095714 3.76303363
1.67112052 9.20928955 1.32958066
7.83171797 1.68343973 1.35642803
2.18742990 1.22477973 3.78667498
2.96767068 6.30893707 2.44346452
3.12755227 7.10295200 3.71864843
7.86977434 7.34273100 3.26215196
9.69467831 0.42308936 1.75276792
0.48689377 7.79651546 0.97967416
8.36391735 2.32127190 1.55087841
5.30754995 7.38165903 1.66576958
5.15003967 2.11947346 2.91974854
2.81510544 1.42887330 9.79010677
2.81608486 9.34185314 4.15383577
9.62600708 4.52574444 1.40964937
1.77161789 8.07053757 2.06309962
3.00416398 8.24963760 4.68621492
0.84686470 9.00036335 2.25719357
0.81601542 6.94754982 3.16876864
8.70644188 1.52628386 0.41940436
6.75401449 1.62376702 2.94308376
2.25690603 8.22858620 3.90877843
2.81654453 5.26166058 1.66974330
4.12534475 9.21358776 2.25913239
1.11408043 8.52939129 2.25874209
6.24863911 1.07225728 2.93197727
3.28195882 2.31181955 4.83014297
0.00000715 2.83564830 3.09689689
1.08964717 7.22607851 1.21463835
0.55604684 2.32735229 4.54415035
7.70037460 5.78174257 3.50282168
2.57906842 0.90175116 5.24207258
3.35569239 1.57531726 3.95856547
1.67603064 7.02371883 3.44626427
8.09369087 1.65731740 1.36746919
4.63941240 5.73848724 1.32642043
3.67282939 7.19707060 2.84320402
5.49575758 2.59096718 2.22837710
9.05571365 2.81192875 0.93691134
3.62075400 6.70666647 2.45613766
1.53093994 3.91908765 6.67087603
8.20249844 1.60336828 2.38805485
1.15842283 6.06224442 6.99961996
9.36919785 1.95698786 1.72543740
7.72462749 1.69759727 3.65864182
4.84700823 1.84002519 3.99270701
2.69346690 3.92500210 2.06511307
6.97112656 2.35160089 2.28870320
3.08412099 4.68880415 2.82222939
1.77881145 4.43984890 7.80136490
3.99367118 8.32783127 2.53516006
2.68958759 7.76933861 2.75978756
2.06973553 1.35258508 7.94454813
10.32094765 1.25138819 3.33347082
2.83995175 1.81017685 10.42084408
2.27340579 5.45843887 4.65125895
0.17112383 7.13004398 4.23774385
2.74667716 1.21406531 4.91134167
5.29316139 2.52917099 3.34465528
3.47589946 1.25810325 3.63944221
0.80013138 2.83952665 2.94630003
0.96944338 2.93087649 9.05822182
3.09721541 7.04297686 5.20915747
2.87006521 1.15831614 8.25688648
5.36159754 3.70997953 3.83455086
7.70793343 2.82888484 2.11402774
8.54473209 2.25275588 5.25482082
3.25264335 2.20880890 7.03218746
2.03544474 -0.00000000 6.60605574
3.25456524 6.95187855 1.16808856
1.89917326 8.46002102 1.42888200
0.88408309 3.40037847 5.85693741
2.63350987 1.17491221 10.20194435
8.07007504 0.98798430 2.46297622
6.68598127 2.47749686 2.96276760
2.64311171 6.86475086 8.68620777
5.98177767 3.72284627 1.85983896
0.85324323 9.14542580 0.27285337
2.92927480 6.38856554 2.06058073
3.30486441 5.73515749 3.70136070
2.95152259 5.47738457 1.27590346
2.90712380 8.91434765 2.51448035
5.13615704 3.98048353 2.17277336
2.86272025 0.63742244 5.60703373
3.90148783 5.52355003 1.52432060
1.37118554 3.85847735 4.08927441
5.25342655 8.02835846 3.73030996
3.78507662 2.42598152 9.82036018
3.23155832 2.73560500 5.34093094
8.72394657 3.78241587 7.87720203
6.64002228 5.02328396 1.22223282
2.58092213 2.78718925 4.52097464
2.38481879 8.24213409 3.53527546
7.51534128 2.68140435 3.55153084
2.95180869 7.30491447 1.73204017
2.37492967 4.38281584 3.59531474
8.65188885 3.38252497 1.44154394
5.29083347 3.22842264 4.01616907
4.47412443 3.94523048 9.43776512
5.68730545 2.53570032 1.60240388
2.41130328 9.32193661 2.91236067
1.11743617 7.30742407 5.51061726
2.50660133 3.55708861 5.21787310
6.41654539 4.64635468 1.79768229
1.36695540 0.61925709 9.50125980
9.96253300 1.84910572 4.58165789
1.29976022 2.87986088 9.93560791
1.27033746 8.20534229 2.61558580
2.45855594 7.74407291 2.95144463
9.16695118 2.15126681 2.47841501
8.59830284 1.54993010 4.13210964
2.42298698 3.15119529 2.01609373
3.36860847 4.68391609 12.12533569
0.80606282 3.36533785 3.95570064
0.90313321 8.76620865 0.00000000
2.92012262 7.91548252 3.45856857
10.21098900 0.86055088 3.35846090
5.60613489 3.17264748 2.11128163
9.81149197 1.10056567 2.42051673
4.55280209 8.68025398 1.34768820
0.87866515 8.54849720 7.51459312
0.37411323 1.88244987 9.04354286
2.51287866 5.29892397 1.40237045
7.70928574 2.61477661 1.68959522
7.81501150 1.05224466 4.81505680
8.35898209 7.15764046 2.85502219
5.21534729 2.02110910 2.40345621
1.85699427 10.56372833 0.63638008
3.44280124 2.12973166 7.59593487
3.02429008 0.48783508 8.62710953
6.88518429 5.49860716 1.86891949
1.80644786 2.73547530 7.92789602
1.53481936 3.44063163 5.27338934
1.59130073 0.63893545 7.50111437
2.49848700 7.08600044 2.27895403
1.64190543 8.92807102 2.64406967
9.18344402 3.51611423 1.63661611
7.67189169 3.16386199 7.21156836
1.52505183 4.06114435 3.26528907
2.34642506 2.69222808 8.70281029
2.10161495 8.29979229 1.07141948
1.53920615 3.09313488 9.39905262
3.52305532 2.41839719 7.28702879
8.70958519 2.31051064 1.97259939
0.69466704 2.11017966 3.74224281
3.10103369 3.16500640 1.47816634
3.51424885 4.62163353 1.87515354
1.11646986 2.69772530 4.71827221
2.05670571 4.87494564 6.07131386
0.78447694 5.85930252 2.15838647
10.22640228 1.21684682 2.42900252
2.19199872 7.78479004 1.31347775
7.78354597 2.85316634 0.88280582
2.77386570 9.19870090 1.67512357
5.99737120 4.73367548 3.58150482
10.86354160 2.49500942 1.17142117
8.24186039 7.31470680 3.19223833
4.05101538 2.14134264 1.69024432
2.28575373 0.71554214 6.39105320
3.55552411 4.00009775 2.54872966
3.22824478 2.89045715 8.92369556
1.73682046 4.61573410 1.43981636
3.28413510 3.92476797 1.09904182
8.01291752 5.20163774 2.19126177
1.38561893 3.03797221 8.15316391
3.22698736 3.97721386 0.00000000
9.70345783 2.46747303 0.74699700
6.35791683 0.75557381 2.65376711
1.32935452 2.58409834 5.00190115
6.93825912 7.83162355 3.23251843
6.83970928 3.11880875 5.74277210
1.29736269 8.11404800 3.16559243
9.25139618 1.60067666 1.63132668
1.53987491 7.61830521 1.39757907
3.73351479 3.43634701 1.29051065
7.12603045 4.07408142 1.92627239
2.54453731 0.96656871 7.68941498
2.60475636 0.24602392 6.44174337
3.84069705 5.99796963 2.58817482
7.59018278 1.07211280 2.50794172
3.26456189 6.21287155 1.09682345
4.34257317 3.52722526 0.89796227
3.70400310 4.66336250 9.32790852
2.89441037 2.82376647 5.71177959
2.29748654 3.55820680 1.83881593
9.18665791 2.29699087 2.76849818
2.81519485 4.15642738 6.99132109
2.89695597 5.45740318 2.29217172
0.90097606 2.81652427 4.22222996
1.37479627 9.44508934 2.64749265
3.33907342 8.08971596 1.65986824
2.88180089 2.58610773 6.10423613
1.95560062 2.63336420 3.18212223
2.25177193 2.73691177 1.20262671
2.91146851 0.49366826 4.83919048
2.27949309 3.54285455 5.92130136
2.92967105 4.56445932 0.45819068
11.07239056 3.47497678 3.50310779
2.19396591 0.63793427 5.02979231
3.93885469 2.13674951 0.70829880
7.82310200 3.02936602 1.83795023
4.40574551 3.16379666 1.37990773
3.20268750 1.44647086 7.72300291
0.55645883 1.95559061 5.07864761
1.92978466 2.78105378 3.68201590
10.05228901 0.80964029 4.25658369
6.13214397 3.38698769 1.39323139
2.58345246 9.94347191 0.63919187
3.51540804 8.94073200 2.74190402
4.05936527 2.56354642 10.65601444
4.72664165 8.34433460 2.90610170
7.06031752 3.37823081 1.27025127
3.42736053 4.56464624 2.96663928
0.55313301 9.99194527 3.87490463
2.28908467 7.71692610 1.33188987
1.34198475 2.67649126 11.91695404
5.00179911 1.80461955 10.32191753
9.92250156 1.87803650 2.29471874
4.67994928 3.53877831 11.05697346
2.22234702 2.68213487 8.91822147
3.73106122 10.92590809 1.28876328
2.82972765 10.96141052 4.42827320
1.88487697 9.47148037 6.58315134
6.68916130 3.13795424 2.18153715
5.60853100 2.96742129 1.44916701
0.19877306 4.08087301 1.62615550
10.53688049 1.78837144 3.27420545
0.61381060 1.50469196 7.80072260
6.04923773 3.20640326 6.21283817
3.35714197 10.60859299 3.96623874
9.90772057 2.54373384 2.33631730
5.06749821 1.57672858 6.60641479
3.51006770 2.35934496 4.12528276
3.56537533 1.72278678 5.01247120
8.06216431 1.40477526 3.27843475
2.24126244 10.68879986 3.90307570
0.79380709 9.94419384 2.42232633
2.80462766 8.18733978 4.37324762
6.92266273 1.99971223 2.42321801
8.82140064 4.48393393 2.34156561
0.73926008 7.56396103 2.63660717
6.81448460 6.44280577 2.35672045
4.59939384 3.30229187 2.26258636
8.77409077 3.31409621 2.86614251
0.93817830 3.67486668 5.21531963
10.29756451 3.77972150 2.05001640
0.39482495 1.88225532 4.95851994
1.92357790 2.59033728 9.02286053
1.91702652 10.15131187 4.39090109
3.05992460 3.43981028 11.94629860
2.97447538 6.10905790 4.06368971
4.41121531 0.87873757 5.73884821
4.89493895 10.76111031 2.08109355
1.45677507 2.59136748 7.02574778
10.23537636 4.86947680 3.52418947
9.15406418 1.74025750 2.87387323
11.26052475 2.79473805 0.02198921
8.04291439 0.84652960 2.31154823
2.19540358 3.36319923 4.81067133
9.01430702 2.28913736 1.93127346
1.36323845 7.12707043 3.18783808
2.64382935 9.44117260 5.69073963
3.97398138 3.08449006 1.56734717
10.50819206 1.61295700 5.22619438
5.31232786 8.36178207 3.86429143
0.75856596 7.28446674 1.76673579
1.22686434 7.50257158 3.08967972
3.19822884 3.27921247 5.11596251
4.99646568 2.60282803 1.35930657
9.87564850 2.21912432 4.43135452
0.71962976 5.20514727 3.29734397
-0.00000000 8.21840096 3.56589675
3.24961495 4.89408159 1.97347498
4.97029066 6.69828367 2.41513276
2.67255831 2.73986244 8.37738419
5.69994259 4.83431101 2.65229273
2.83914471 10.61821079 9.56582165
2.19579840 11.31220531 0.69183075
8.26858330 1.46780729 2.52330470
3.31564736 7.25328636 9.44883347
5.46847916 4.53816795 1.90539789
2.26994133 0.38537383 9.77283287
1.24875879 3.21284342 3.65347481
1.31000853 3.65192103 3.25492454
2.46988225 7.22908163 1.01129723
8.19085312 3.33982491 1.79816365
2.09581327 2.50332212 8.61116600
3.86389351 1.58850658 9.79672050
3.52883577 7.53957033 1.99393010
2.32803869 6.48342085 3.28693676
8.39930439 3.40657067 2.55208015
1.63228452 7.66051817 2.55895877
1.36776185 4.83464384 9.54132366
1.41295719 3.16319513 7.68233395
3.06018233 6.18679667 2.43421602
1.96383131 3.35411572 8.13090706
8.47282410 2.80920315 5.11967134
5.02986193 1.86705697 3.85086036
8.68159389 4.99313021 1.70585585
4.17423582 1.70184028 8.30909824
2.48249054 3.54281306 4.46361351
3.41291451 6.04098034 7.47656393
3.63349342 6.11864519 2.97814584
7.46301270 3.81343102 5.10180712
4.32756424 11.21063995 2.35844541
4.52516413 10.33573532 2.06717467
7.55824327 2.32749152 1.50746119
3.98769140 1.25475240 9.38053894
4.26001930 2.19081759 1.88232780
7.29390335 4.64324045 5.75979185
2.55337429 1.75159526 8.54272270
6.65438890 2.13000011 0.80278248
5.27318335 10.55496883 5.63678980
0.52874964 11.40180016 0.42251620
2.88464689 7.02797651 4.97372055
6.78002453 8.56696320 1.17313457
2.05638480 7.06846666 3.51601171
2.50443411 6.44742775 3.85817313
4.88466072 2.28914547 6.53910589
9.58808136 1.15134442 1.15672255
3.70808101 2.51669312 5.94802999
7.46745825 3.53120065 1.59867096
2.40356660 1.66611934 5.05828953
2.09926128 3.81681991 0.50358212
1.06929183 2.93645549 7.07386541
2.70320606 4.12762976 6.47327566
5.02257586 3.12891483 2.25919056
1.70450628 7.99628925 4.18505144
1.00237763 2.17090583 7.61069918
2.03520012 5.60333061 3.34019470
4.09740210 1.29855001 6.11951065
3.30658722 4.69885159 8.06173706
1.31931782 5.40283585 3.19234395
7.92481232 9.07856941 3.65020037
1.13895595 4.35853195 8.25199032
2.83202076 2.38438940 1.28467596
8.53273678 4.64493656 4.48511124
3.50314212 7.11989260 3.09676504
4.13907719 5.87099218 2.92604089
4.12902927 2.13866305 11.38984299
3.84238291 1.90635550 2.04415822
0.34310189 1.01413286 9.72359657
2.79936290 1.20236874 5.27466536
3.51390409 9.26507950 6.17116356
1.49720919 1.29327130 6.93214893
0.56714493 5.83393669 1.83706224
5.86646748 2.80244637 7.04710102
6.55606461 2.24258327 3.44883513
7.29746008 3.19370627 0.76836920
5.61653328 7.86411762 2.74491096
3.97867942 5.42420292 1.49662650
2.92624712 0.31308606 10.01187706
2.94646358 7.26090288 3.33672619
1.84812737 7.53823566 4.66230774
5.79374361 2.83536553 1.47562551
2.33101273 3.49183822 5.53832436
0.69060493 8.20019722 1.06349456
3.52397275 6.84215927 9.00206375
3.11821485 6.58793116 2.84813070
0.60456711 0.85443193 8.52882862
2.76728320 9.88095188 2.26375699
4.13330841 0.85899007 5.14293385
2.67099714 8.99930096 0.44161412
4.05133390 6.36062908 2.06692600
5.74495411 1.21224523 2.65532398
3.14849997 0.65376550 6.85083342
5.17513752 1.14797604 3.82858753
3.92626977 2.32289791 1.17078412
3.52434993 8.11186123 4.02068663
5.54910707 4.18354177 4.00359154
1.14210486 5.28705788 3.91743374
3.52451944 7.77314520 2.18851948
9.78268147 4.48309660 1.92182922
5.60926437 7.36152887 2.95910811
2.39244032 3.50773549 3.34753823
2.89189363 3.74886012 5.34320736
4.23829603 7.04390287 7.89148140
1.29348409 3.07265663 6.40107822
6.40555096 0.01340281 3.01223063
8.43684864 4.05967808 6.39978027
3.93020678 8.97800636 8.33410740
5.03845549 6.29333067 7.57915974
2.00211120 3.75893879 10.63275814
2.10860658 8.92105103 0.48748958
11.10733318 2.65764117 1.56540453
6.45454311 2.14351201 5.11530304
7.69778442 2.27062607 3.97905755
9.45050144 2.18004775 1.05491710
4.29237270 12.19000530 2.71097469
3.90475321 8.40830040 1.75373423
2.56840396 11.14784527 5.01369238
10.32808590 1.45300388 4.21519613
8.67953873 1.82509458 2.83196616
1.96641695 6.07352877 2.78811669
1.06027555 11.17951870 2.00338507
8.92926025 2.17932272 0.64480472
9.31682777 2.87343860 0.74018484
2.73205280 9.50820446 2.33383751
2.88870215 1.01320696 7.47126913
6.96649122 4.43592024 0.28075346
0.58780444 1.35872364 5.20921850
1.62637246 0.84237999 7.12338209
2.83027768 1.61955762 2.37140226
1.66615415 6.96898842 2.34011340
7.19441843 0.26499504 3.78497458
8.62666988 2.43914843 2.53153634
6.85224438 3.40451264 1.96057749
7.17453098 1.56679308 2.08143997
4.35194445 2.75031257 1.18404830
1.71917725 9.84983826 3.20388842
3.11833620 1.01859653 5.95341444
0.40173021 10.38864136 1.12925661
0.70201039 2.51230264 8.52996826
7.64365721 3.60256767 1.95817673
8.51008320 2.35251570 2.13814473
10.71626568 5.26627111 2.36422753
3.98809886 6.89337158 1.35333097
3.37792420 12.69851971 1.62055767
1.91782618 9.98059368 3.54299808
4.43713760 8.19617271 1.77631402
5.11059237 3.88382244 3.09321880
2.94473219 1.43640506 7.58576298
1.55678213 2.91864586 8.21460247
1.13925159 8.76652718 4.53768444
0.77036279 6.69831514 3.27525997
1.83288479 10.07937431 3.71257520
2.59383297 1.44433522 9.12436771
0.34176499 3.48660827 9.11667061
13.35147953 1.18049431 2.95563221
2.94637394 8.98466301 1.52644956
1.99595857 5.09824228 4.92082787
3.20674443 1.41726005 8.09710407
1.78365910 3.13945293 9.01567078
2.57062387 1.90614259 8.80931282
4.81329107 2.88978291 0.92792517
0.60113353 4.21443176 6.65426588
3.39743209 4.10233402 3.19639564
1.07884693 2.06615281 3.88400674
3.91077781 2.45037293 10.88797760
0.83835751 4.62928963 5.80646563
0.16521770 4.15218067 3.44066978
1.71014857 4.75397396 3.44224548
3.92385888 1.51231122 9.10802269
9.52455330 1.54171526 3.06634879
4.27744341 2.17342877 6.92894459
0.24482420 5.39040709 6.95765114
3.74627161 6.87432623 2.36587405
1.61036503 3.60616565 7.54741478
9.11485004 0.70278984 3.71905637
5.22654676 1.15504766 0.73644674
2.67244482 6.85773706 9.92993164
3.92093182 3.15951371 5.10404921
1.19225669 3.24132967 6.34385204
4.83526325 8.77290916 3.61423683
3.09718180 6.59987450 4.94288349
2.13007927 4.09163332 8.49106789
2.44201660 9.68543911 4.00851345
2.96557212 7.51745605 2.63227296
1.80400944 2.90349174 13.90969849
9.21157551 7.53680372 2.88322592
3.54239964 1.82569969 9.38239861
6.10147715 10.01478863 2.23554277
9.78527927 4.17479134 2.17667150
5.36093140 9.55609417 2.47542286
3.38144183 6.28676367 1.93747151
8.16224384 8.40109539 3.65487409
6.08686018 2.67368674 3.54759979
7.66590452 2.31305385 11.30080891
4.63767624 8.68051624 2.74196434
2.71620679 7.26979589 7.53822184
2.33485270 5.64350653 3.21762514
7.97099543 3.19647980 1.38138831
4.42660904 10.17419815 1.42988491
7.27684212 5.36648560 2.91091943
6.22838068 11.34573460 1.12699711
2.34303093 5.09745455 7.25820589
3.27719426 8.20298958 2.35870099
3.73928452 1.13712823 6.01453018
10.81897449 5.36566401 4.72758150
2.06048560 11.56728554 5.16922903
6.78961992 5.03730059 11.11233521
9.29867172 3.71424365 5.33983850
7.36904526 3.74737644 1.26494288
6.81857920 3.31190419 1.42641544
8.50464535 2.10814714 5.02984285
8.53518581 2.54518604 3.23272300
3.02139854 7.90100288 6.80509329
9.88639450 6.45844841 3.49850631
6.45039082 1.91547072 2.86696506
2.23005056 7.69487524 3.80118418
4.47498322 4.72096109 7.40173197
10.20405483 1.00342155 2.77116513
8.55065346 3.47172809 4.56116772
3.26559734 2.64137101 9.52561760
3.48953176 8.82344151 1.12756133
8.09058380 4.96630859 1.80391276
4.55977964 3.47139239 8.94141006
8.75631523 4.03398418 5.05415010
1.47881186 2.12305379 5.29192686
7.27857399 2.48312140 4.90963936
2.31100607 6.12073374 3.41912937
2.35228920 2.73674679 8.96445942
1.77948368 4.36290550 8.89344692
7.97712421 3.21099472 7.81203318
7.13744307 9.98404503 1.07662487
9.39044380 4.23717022 10.10720348
6.92603111 3.48498988 8.80864143
6.54736614 3.27249146 4.99404240
6.96060610 5.44132948 2.35649586
4.57115459 10.07956219 1.73594451
1.19084001 8.27383423 5.64703035
9.61912632 4.46583796 3.45973659
3.42646122 2.32987738 10.90087318
4.57684994 7.39310312 3.66984415
7.32924175 1.55106342 9.43732166
3.20932889 8.47946262 3.72505736
2.46966720 3.62222266 6.49322128
4.82740736 1.21443045 6.30842733
7.24173403 1.95509672 3.35759521
9.83964348 3.96410561 1.32609606
3.29637718 2.58672762 6.90219736
4.91362667 4.08274937 9.82387733
2.92555785 1.41426957 7.18530464
2.89910865 9.61565876 1.35169804
2.66143632 6.23233318 2.06737280
3.68728685 2.51034546 7.45866966
7.80348349 4.80956507 2.82567310
6.57670498 4.45709276 1.60017955
9.59407902 0.31542346 1.86996257
9.77914333 0.59753430 3.66970229
0.65911758 1.94916177 8.57443237
1.25554264 3.13311720 10.73271179
3.96940994 9.99470234 2.28186584
0.52247310 10.11590099 0.37237030
9.92757320 1.74621105 5.57975292
7.09879780 5.93058443 2.23429871
4.74854326 10.27559853 1.63948750
3.76880002 9.56875610 1.84813786
10.31364155 2.45057583 1.84435320
2.01551342 7.00616646 3.51481438
1.31382966 10.75762558 2.30911279
4.12964153 7.13596869 3.09281564
2.00296474 2.88170791 9.15136433
6.28794098 3.30150104 3.36779284
4.56166697 9.23712349 1.87517560
1.38720381 9.14015865 3.09198642
3.46692181 9.68477440 2.52713132
5.15034580 7.95439863 5.94382095
1.53946960 9.17380619 3.87071848
0.80376518 2.66815734 11.24192810
4.16938066 10.20241737 2.46741557
11.44190025 0.66617262 1.54838681
1.87019265 3.26045156 4.36229372
1.69898856 7.60012627 2.90656471
2.45195460 6.89361000 1.08146834
1.98237383 3.95620489 3.09750962
2.19606805 6.47901726 4.69919825
2.86988282 2.46901774 3.78823566
3.18389297 7.33016205 1.38582015
3.67409182 9.66952991 0.84104079
6.34990549 4.98937607 4.11039209
6.83992195 3.16172075 4.09687805
7.96108580 5.14146423 2.42942333
4.53624535 1.17463100 7.21340704
3.31548429 8.26994801 3.29337335
1.61716664 3.73247337 10.89114475
5.23416710 9.07671356 2.11472368
3.54363894 3.96332216 7.29781294
3.46529627 11.36162663 4.62017012
1.98776531 3.90038490 2.98665786
4.92792940 12.09068298 0.41959834
9.72723579 2.50370646 4.20693588
5.70365429 2.57816052 3.72618532
9.27226830 2.84224033 4.48817539
4.37453175 2.72983742 8.04400921
7.03398800 2.39457631 4.06812096
3.03154325 4.50942278 1.25260282
5.35981512 4.19355917 7.32562876
2.10644674 3.83901525 2.65868282
7.89802265 0.90879053 2.64428854
0.75044036 1.66136134 4.83931160
3.91659164 1.82766747 1.07748437
4.51484919 1.63301992 3.48937178
9.23656750 3.36485481 1.26212096
6.55545759 4.56612825 1.12851822
1.54211581 3.70660973 7.63105726
8.27012539 3.10657096 3.00391674
3.29091907 1.45148134 8.38768291
1.75749576 2.75067687 7.27979326
9.30946732 1.55751252 2.07189846
0.94903439 4.71607018 6.87712097
3.64490628 1.17532301 9.77993774
4.23640490 5.47117567 2.27237630
3.30400443 2.07694244 6.47856903
3.91692328 1.84796679 4.95587540
1.02559304 2.86776233 7.53623724
10.03281116 0.82808208 2.14758801
8.30525684 4.23830271 0.64154816
7.40138149 2.74461675 0.68965131
2.31415009 1.40100956 9.12149906
1.80798757 0.55088854 9.20232964
1.26470244 4.12647438 8.99826145
6.07511139 2.22873020 4.68381405
2.83707380 1.57015455 4.15704727
2.42468834 6.67300034 6.71116495
5.27875805 2.93808365 6.62106895
3.60136628 1.99101448 5.87065268
10.08007145 3.38603020 1.89258647
2.55468082 4.91720152 3.17263150
2.79167509 3.89786172 9.71991158
5.63578176 7.48503542 4.61846066
6.24707747 1.57863116 4.85415745
4.05776930 2.99828100 2.29857588
10.18857765 1.35021782 0.86587274
2.32761049 4.66419077 3.90973544
1.12874162 8.60208702 2.92629814
3.73769331 4.09755468 4.09607601
7.04950476 2.25103593 3.54794216
0.51394349 8.80426311 4.62889385
6.03088140 1.80131960 2.25468278
1.31306696 5.66975212 3.73746777
6.11576891 3.68999100 4.61915302
0.61936682 2.62496328 4.16336727
1.31444860 6.91597986 3.31974673
3.33250284 1.63438296 2.06135464
3.43346691 0.80133343 3.46715856
4.39632750 3.62305427 0.89362735
4.38349342 1.04493606 4.80233812
4.89142561 1.21012223 8.88287354
8.53045559 7.08868551 3.11565328
8.16494083 5.44145536 4.74996853
11.66189575 4.14592552 10.10231686
4.06648922 0.91174191 2.41592717
1.84028685 5.76197624 1.17096412
3.19254208 5.55734682 9.36218929
3.25524616 7.69636869 1.71459615
0.86585444 1.46654248 9.62434769
8.35820675 1.77885282 4.48177004
6.02240467 4.97813511 1.79497731
3.53556085 2.79681420 5.20965862
1.44872129 6.06632137 1.11723566
7.40050602 3.28237772 8.99720478
5.22081947 8.25737190 1.99618423
8.47438145 2.89696479 1.98802412
2.30246925 8.30449963 2.01515722
2.12998390 0.45858023 10.79906654
10.52633667 3.33785939 1.92892444
1.03400183 2.73787069 9.48862743
10.04870605 3.99790072 1.36108446
4.40425777 1.48881137 6.94337320
8.43001556 6.94021368 2.95424628
10.15146923 6.41953421 2.64648962
3.49626827 6.62349319 11.25152874
2.61452723 4.94641781 4.86636591
9.21110630 10.54930401 2.95050955
8.68978882 8.12558746 0.28270313
3.99238849 3.15930414 7.71808100
2.15386462 4.29725313 1.14315748
8.02041626 2.84011650 6.34210348
2.86803389 5.70611525 9.11130714
4.86045361 2.96101642 11.11254025
4.26313591 2.47591639 9.26261520
3.71505761 1.47437418 7.04074049
3.28545380 9.18114948 2.60690856
6.05067921 4.27162838 2.92896438
1.22710776 5.18173647 4.16565466
7.17760181 2.29036331 3.02892780
0.78909981 10.96100712 2.52430081
1.62034726 5.12570763 2.80876541
5.84565878 1.13580596 2.23337054
5.22466755 3.37048411 2.20923710
2.08903956 5.81746483 5.53455591
3.56918406 2.75605035 5.10841513
2.33505845 5.71224165 1.34091353
1.34735906 4.71142721 6.61075783
2.57358575 4.90793419 8.70226097
3.07065344 1.90044415 3.49736691
2.74971199 1.93404198 8.22270489
2.94865298 2.46555662 4.71848249
2.53839803 3.74170852 4.74756145
7.18613386 2.33690310 8.97496796
9.13027096 8.50089073 4.30270004
5.11044598 3.31671357 3.76685858
8.87536716 2.53107929 8.34382439
5.74907637 0.85143268 2.98012710
2.17411089 5.40839052 6.61986351
2.60937500 3.50229788 4.73820734
4.04223537 8.64941883 1.52610421
3.21177268 1.50666296 4.50346041
4.35318422 2.25860381 5.06787825
7.48369932 3.17062712 8.67936039
7.77166986 1.98861420 3.41292644
7.18482304 3.28600287 3.80645633
4.65887260 1.35793602 1.91465616
3.04362202 4.87321758 1.58914518
3.37702584 2.20521736 8.07106876
5.18128824 3.07500196 2.45859456
2.96624351 3.51714134 5.78898811
2.24542427 4.15760708 4.16551733
6.14571667 2.34479094 9.24432468
3.49790239 4.55935287 7.63514805
6.23966646 2.46882463 1.64589047
7.34940386 6.37061357 3.96551418
7.16194344 4.49310160 6.20749903
4.43309021 5.02480745 4.19396734
8.60408592 2.56340671 1.60504150
9.81737232 3.73802137 5.40575933
9.15278435 3.33632469 4.05705118
5.41431141 4.17691517 7.59062815
10.36204243 3.98434687 7.45928335
4.27468729 3.10112977 10.15782642
3.38606405 3.91522050 1.50003004
9.70422173 0.94465637 3.89738393
1.99077046 6.30026770 4.96491003
2.43385625 2.39624953 6.21919107
2.86368132 2.65506530 4.55962753
3.31184554 5.21118069 3.43754768
4.34170008 6.78751326 2.90281415
5.99214602 4.86356544 7.43052197
2.04358745 4.49594355 4.66645002
2.14171147 3.29338431 4.11199713
